  No    Ref    V       B-V     U-B

 0001   495  12.627   0.694
 0002   495  11.335   0.526
 0003   495  12.048   0.500
 0004   495  10.826   0.188
 0005   495  12.004   1.061
 0006   495   9.306  -0.051
 0007   495  12.756   0.593
 0008   495  10.145   0.362
 0009   495  11.182   0.459
 0010   495  12.601   0.467
 0011   495  11.298   0.433
 0012   495  11.816   1.380
 0013   495  13.229   0.697
 0014   495  11.379   3.362
 0016   495  11.961   1.623
 0017   495  13.434   0.673
 0018   120  11.585   1.356
 0018   195  11.700   1.350   1.050
 0018   477  11.684   1.259
 0019   495  12.505   0.419
 0020   495  11.669   0.439
 0021   495  12.335   0.535
 0022   495  12.012   0.326
 0023   120  11.939   0.463
 0023   195  11.890   0.540  -0.300
 0023   477  11.915   0.501
 0023   495  11.893   0.436
 0024   195   9.740   0.410  -0.470
 0024   495   9.443   0.368
 0025   195  11.070   0.470  -0.380
 0026   195  13.280   0.770  -0.330
 0027   195  12.210   0.610  -0.450
 0027   477  12.265   0.513
 0028   195   7.950   0.450  -0.450
 0029   495  11.138   0.565
 0030   120  10.479   0.350
 0030   195  10.450   0.380  -0.480
 0030   477  10.562   0.288
 0030   495  10.477   0.334
 0031   120  12.685   0.495
 0031   195  12.680   0.490  -0.210
 0031   477  12.698   0.532
 0031   495  11.986   0.328
 0032   195  12.220   0.470  -0.210
 0033   120  13.142   0.479
 0033   195  13.160   0.490  -0.120
 0033   477  13.115   0.520
 0033   495  13.123   0.483
 0034   120   8.946   0.379
 0034   195   8.900   0.470  -0.440
 0034   495   8.911   0.338
 0036   120  13.308   0.506
 0036   195  13.340   0.520  -0.060
 0036   477  13.304   0.536
 0036   495  13.348   0.480
 0037   120  13.459   0.540
 0037   195  13.490   0.550   0.090
 0037   477  13.433   0.584
 0037   495  13.459   0.541
 0038   120  11.804   0.410
 0038   195  11.760   0.410  -0.360
 0038   477  11.796   0.433
 0039   120  11.324   0.414
 0039   195  11.300   0.400  -0.400
 0039   477  11.315   0.420
 0039   495  10.950   0.298
 0040   120  12.776   0.529
 0040   195  12.820   0.520
 0040   477  12.843   0.549
 0040   495  12.845   0.469
 0041   120  11.467   1.279
 0041   195  11.480   1.280   0.990
 0041   477  11.450   1.197
 0041   495  11.473   1.296
 0042   120  13.013   0.409
 0042   195  13.060   0.420  -0.090
 0042   477  13.036   0.457
 0042   495  12.986   0.388
 0043   495  11.887   0.623
 0044   120   9.396   0.376
 0044   195   9.460   0.400  -0.460
 0044   495   9.210   4.060
 0045   495  13.330   0.550
 0046   195  12.930   0.390  -0.230
 0046   477  12.913   0.419
 0046   495  12.881   0.324
 0047   495   8.718   0.111
 0048   477  12.535   0.587
 0048   495  12.456   0.568
 0049   120  12.362   0.377
 0049   195  12.400   0.400  -0.280
 0049   477  12.421   0.434
 0049   495  12.396   0.371
 0050   477  13.842   0.509
 0050   495  13.739   0.452
 0051   195  10.840   0.230  -0.240
 0051   495  10.835   0.192
 0052   195  12.360   0.660   0.130
 0052   477  12.396   0.673
 0052   495  12.324   0.654
 0053   195  13.310   0.380  -0.140
 0053   477  13.317   0.450
 0053   495  13.242   0.378
 0054   495  13.056   0.561
 0055   477  12.818   0.401
 0055   495  12.751   0.301
 0056   495  12.634  -0.218
 0058   477  13.445   0.446
 0059   495  12.582   0.429
 0060   495  11.344   0.401
 0061   495  13.784   0.359
 0062   495  12.571   0.486
 0063   495  13.400   0.702
 0065   495  12.058   0.493
 0066   495  11.969   0.448
 0067   495  12.896   0.614
 0069   495  10.766   1.897
 0070   495  12.409   0.485
 0071   495  12.366   0.361
 0073   495  12.767   0.460
 0074   495  12.876   0.523
 0075   495  13.702   0.492
 0076   495  12.348   0.452
 0078   495  13.009   0.696
 0079   495  12.508   0.322
 0080   495  13.684   0.629
 0081   120  13.852   0.428
 0081   195  13.870   0.470   0.080
 0081   477  13.902   0.518
 0081   495  13.889   0.431
 0082   495  14.875  -0.067
 0083   195  14.550   0.560   0.260
 0083   477  14.231   0.656
 0083   495  14.195   0.591
 0084   195  14.420   0.580   0.280
 0084   477  14.442   0.587
 0084   495  14.450   0.501
 0085   495  14.439   0.616
 0086   495  14.445   0.995
 0087   195  14.620   0.840   0.510
 0087   477  14.629   0.847
 0087   495  14.582   0.827
 0088   495  14.810   0.743
 0089   120  14.859   0.911
 0089   195  14.920   0.900   0.260
 0089   477  14.940   0.865
 0089   495  14.868   0.971
 0090   495  14.926   0.768
 0091   195  12.240   1.890   2.050
 0091   477  12.305   1.710
 0092   495  12.427   1.642
 0093   495  12.591   2.118
 0094   495  13.199   2.344
 0095   120  13.243   0.451
 0095   195  13.250   0.480  -0.030
 0095   477  13.238   0.505
 0095   495  13.234   0.457
 0096   195  13.600   0.590   0.110
 0096   477  13.617   0.647
 0096   495  13.252   0.573
 0097   495  13.520   1.214
 0098   495  13.576   0.672
 0099   477  13.645   0.701
 0099   495  13.523   0.684
 0100   495  13.540   0.689
 0101   120  13.647   0.580
 0101   195  13.660   0.590   0.050
 0101   477  13.647   0.605
 0101   495  13.652   0.578
 0102   120  13.686   0.494
 0102   195  13.660   0.530   0.020
 0102   477  13.751   0.550
 0102   495  13.647   0.468
 0104   495  13.438   0.665
 0105   495  13.581   0.688
 0106   495  13.439   0.673
 0108   120  13.817   0.590
 0108   195  13.830   0.560   0.060
 0108   477  13.840   0.580
 0108   495  13.624   0.503
 0109   495  13.601   0.820
 0110   477  14.129   0.808
 0110   495  13.909   0.848
 0111   495  13.620   0.468
 0112   495  13.854   1.039
 0113   195  14.190   0.610   0.140
 0114   495  13.915   0.448
 0115   477  14.044   0.630
 0115   495  13.772   0.664
 0116   495  13.897   0.472
 0117   120  14.055   0.552
 0117   195  14.040   0.580   0.150
 0117   477  14.119   0.607
 0117   495  14.044   0.527
 0118   495  14.016   1.552
 0119   195  14.030   0.660   0.070
 0119   477  14.030   0.685
 0119   495  14.009   0.660
 0120   495  14.015   0.466
 0121   495  13.755   0.832
 0122   495  14.073   0.530
 0123   120  14.143   0.521
 0123   195  14.120   0.520   0.060
 0123   477  14.208   0.575
 0123   495  13.820   0.562
 0124   495  13.969   0.571
 0125   120  14.467   0.548
 0125   195  14.520   0.560   0.240
 0125   477  14.483   0.599
 0125   495  14.302   0.599
 0126   120  14.199   0.545
 0126   195  14.160   0.590   0.160
 0126   477  14.248   0.612
 0126   495  14.256   0.432
 0127   477  14.252   0.518
 0127   495  14.175   0.426
 0128   495  14.142   0.799
 0130   495  14.251   0.996
 0131   495  14.215   0.920
 0132   495  14.230   0.708
 0133   120  14.300   0.658
 0133   195  14.330   0.670   0.330
 0133   477  14.385   0.692
 0133   495  14.261   0.647
 0134   495  14.402   0.721
 0135   195  14.370   0.800   0.170
 0135   477  14.375   0.799
 0135   495  14.367   0.738
 0136   120  14.464   0.621
 0136   195  14.470   0.630   0.220
 0136   477  14.569   0.652
 0136   495  14.356   0.596
 0137   120  14.402   0.525
 0137   195  14.430   0.550   0.230
 0137   477  14.483   0.575
 0137   495  14.417   0.508
 0138   495  14.586   0.735
 0139   195  14.920   0.640   0.290
 0139   477  14.588   0.778
 0140   495  14.667   0.676
 0142   495  14.598   0.767
 0143   495  13.310   0.859
 0144   495  14.190   0.593
 0145   495  13.712   0.737
 0146   495  13.748   0.831
 0147   495  12.931   1.962
 0148   495  13.201   1.613
 0150   495  13.498   0.671
 0151   495  13.196   0.515
 0153   495  12.966   1.531
 0154   477  14.030   0.515
 0155   477  13.123   1.491
 0158   495  12.771   1.634
 0160   495  13.463   0.860
 0161   495  14.022   1.307
 0162   495  13.687   1.679
 0163   477  14.299   1.482
 0163   495  14.090   1.620
 0164   477  14.615   1.570
 0164   495  14.242   1.753
 0166   120  14.385   1.827
 0166   195  14.520   1.800   2.070
 0166   477  14.513   1.664
 0166   495  14.555   1.872
 0167   120  14.903   0.760
 0167   195  14.970   0.740   0.290
 0167   477  15.039   0.743
 0167   495  14.964   0.717
 0168   195  14.910   0.760   0.460
 0168   477  14.907   0.786
 0168   495  14.901   0.725
 0169   120  14.789   0.717
 0169   195  14.830   0.710   0.390
 0169   477  14.839   0.716
 0169   495  14.855   0.697
 0170   195  14.860   0.690   0.360
 0171   195  15.030   0.750   0.430
 0171   477  15.018   0.762
 0171   495  14.264   0.824
 0173   195  14.160   1.200   0.960
 0173   477  14.156   1.146
 0175   495  14.865   0.788
 0177   195  15.020   0.680   0.320
 0177   477  14.943   0.715
 0177   495  14.784   0.792
 0178   120  14.921   0.759
 0178   195  14.970   0.770   0.410
 0178   477  14.962   0.767
 0178   495  14.908   0.793
 0179   120  14.307   0.916
 0179   195  14.340   0.900   0.310
 0179   477  14.363   0.882
 0179   495  14.380   0.881
 0180   120  14.108   0.481
 0180   195  14.180   0.490   0.080
 0180   477  14.131   0.548
 0180   495  14.001   0.558
 0181   195  15.690   0.950   0.380
 0181   477  15.694   0.988
 0181   495  15.585   0.997
 0183   495  14.764   0.572
 0184   495  14.683   0.703
 0185   495  14.580   0.596
 0186   495  13.820   0.997
 0188   495  14.548   0.930
 0201   120  15.207   0.784
 0201   195  15.300   0.800   0.440
 0201   477  15.338   0.809
 0201   495  15.253   0.845
 0202   120  16.828   1.052
 0202   495  18.001   1.161
 0204   120  16.647   1.120
 0204   195  16.790   1.040   0.350
 0204   495  16.736   1.126
 0205   120  18.158   1.183
 0206   120  16.408   1.234
 0206   195  16.590   1.270   1.420
 0206   495  16.320   1.179
 0208   120  18.133   1.499
 0209   120  17.731   1.335
 0210   120  15.189   0.959
 0210   195  15.300   0.930   0.310
 0210   477  15.315   0.907
 0210   495  15.333   0.871
 0212   120  18.035   1.531
 0213   120  16.017   1.002
 0213   495  15.959   0.945
 0214   120  17.372   1.202
 0214   195  17.490   1.080  -0.200
 0214   495  18.550   1.423
 0215   120  15.895   1.188
 0215   195  15.970   1.160   0.590
 0215   477  16.072   1.113
 0215   495  15.879   1.243
 0216   120  15.517   1.884
 0216   195  15.630   1.860   1.780
 0216   477  15.669   1.766
 0216   495  15.282   1.531
 0217   120  17.819   1.194
 0217   195  17.890   1.130   0.100
 0217   495  18.270   1.343
 0218   120  15.161   0.739
 0218   195  15.220   0.750   0.430
 0218   477  15.207   0.779
 0218   495  15.242   0.727
 0219   120  15.971   1.123
 0219   195  16.060   1.150   0.520
 0219   495  16.147   1.169
 0220   120  16.772   1.379
 0220   195  16.920   1.370   1.020
 0220   495  16.869   1.494
 0221   120  17.871   1.606
 0221   195  17.960   1.420   0.440
 0222   120  16.393   1.407
 0222   195  16.440   1.300   0.720
 0222   495  16.503   1.349
 0224   120  17.198   1.619
 0224   195  17.380   1.410   1.330
 0225   120  15.160   1.152
 0225   195  15.250   1.130   0.450
 0225   477  15.246   1.106
 0225   495  15.187   1.225
 0226   120  12.275   0.563
 0227   120  13.876   0.603
 0229   120  17.439   1.155
 0229   495  16.268   1.057
 0230   120  17.895   1.207
 0230   195  17.970   1.380   1.160
 0230   495  18.209   1.597
 0231   120  17.071   1.147
 0231   195  17.190   1.110   0.450
 0231   495  17.644   1.323
 0232   120  17.159   1.246
 0232   195  17.290   1.120   0.560
 0232   495  17.243   1.229
 0234   120  17.307   1.136
 0234   195  17.480   1.180   0.560
 0235   120  16.918   1.093
 0235   195  16.990   1.150   0.980
 0235   495  16.807   1.313
 0236   120  17.402   1.456
 0237   120  15.608   1.293
 0238   120  17.225   1.312
 0238   195  17.330   1.090   0.520
 0239   120  15.364   0.902
 0239   195  15.460   0.840   0.320
 0239   477  15.428   0.869
 0239   495  15.166   0.948
 0242   120  15.728   1.124
 0242   195  15.790   1.120   0.510
 0243   120  17.164   1.261
 0243   495  17.045   1.301
 0244   120  13.534   0.684
 0245   120  17.932   1.551
 0246   120  15.680   0.877
 0246   195  15.660   0.790   0.580
 0246   477  15.790   0.923
 0247   120  19.026   1.348
 0248   120  17.757   1.855
 0249   120  15.015   0.712
 0249   495  14.810   0.644
 0250   120  17.249   1.362
 0250   195  17.340   0.980   0.050
 0250   495  16.945   0.972
 0251   120  16.549   1.265
 0252   120  15.335   1.271
 0252   495  15.288   1.189
 0253   120  14.796   0.655
 0254   120  16.516   1.062
 0255   120  15.732   1.132
 0255   195  15.810   1.060   0.390
 0255   477  15.783   1.053
 0255   495  15.746   0.984
 0259   120  16.522   0.962
 0259   195  16.590   1.040   0.630
 0259   495  16.148   0.913
 0260   120  17.322   1.434
 0261   120  18.246   1.025
 0263   120  16.982   1.337
 0263   195  17.200   1.300   0.770
 0264   120  15.279   1.016
 0265   120  16.321   1.709
 0265   195  16.380   1.420
 0268   120  18.645   1.816
 0274   120  16.889   1.345
 0274   195  16.890   1.070   0.090
 0274   495  15.655   0.908
 0276   120  14.126   1.595
 0278   120  12.202   1.892
 0278   495  12.239   1.935
 0279   120  18.197   1.440
 0279   195  18.190   0.840
 0280   120  17.870   1.557
 0280   195  17.940   1.450   0.990
 0282   120  14.444   1.721
 0284   120  15.523   0.977
 0284   195  15.530   0.970   0.350
 0284   477  15.625   1.013
 0285   120  14.402   0.558
 0286   120  16.225   1.052
 0286   195  16.230   0.920   0.350
 0287   120  17.869   0.971
 0287   195  17.730   1.060   0.510
 0290   120  17.460   1.196
 0290   195  17.470   1.200   0.610
 0291   120  17.815   1.437
 0291   195  17.980   1.040   0.370
 0293   120  17.051   1.261
 0293   195  17.150   1.250  -0.060
 0293   495  17.133   0.859
 0295   120  18.485   1.003
 0296   120  16.160   1.437
 0296   495  16.302   1.432
 0298   120  17.158   1.294
 0298   495  17.190   1.439
 0299   120  16.258   1.162
 0299   195  16.370   1.180   0.700
 0299   495  16.531   1.147
 0300   120  16.995   1.153
 0300   195  17.160   1.040   0.380
 0301   120  15.891   0.651
 0301   195  15.890   0.700   0.310
 0301   477  15.995   0.712
 0301   495  15.681   0.671
 0302   120  17.087   1.326
 0302   195  17.150   1.290   0.670
 0302   495  17.005   1.292
 0303   120  16.035   0.985
 0303   195  16.130   0.970   0.410
 0303   495  16.000   1.995
 0304   120  17.200   1.136
 0306   120  17.431   1.020
 0306   195  17.580   1.270   0.280
 0307   120  16.009   1.126
 0307   195  16.060   1.110   0.360
 0307   495  15.983   1.083
 0308   120  18.088   1.242
 0308   195  18.200   1.150   0.830
 0308   495  17.185   1.730
 0310   120  16.036   1.705
 0310   195  16.200   1.580   1.350
 0311   120  16.572   1.006
 0311   195  16.660   0.970   0.430
 0311   495  16.570   1.070
 0312   120  15.555   1.248
 0312   495  15.415   1.084
 0313   120  15.456   0.929
 0313   195  15.560   0.880   0.480
 0313   477  15.544   0.919
 0313   495  15.269   0.764
 0315   120  17.371   1.270
 0315   495  16.807   1.279
 0316   120  16.677   1.232
 0316   195  16.720   1.040   0.440
 0316   495  16.014   0.987
 0319   120  15.314   1.011
 0319   195  15.380   0.970   0.340
 0320   120  16.041   1.095
 0320   195  16.180   1.010   0.420
 0320   477  16.176   0.985
 0320   495  16.129   1.083
 0321   120  16.862   1.304
 0322   120  12.370   0.540
 0323   120  18.138   1.233
 0325   120  16.498   1.059
 0325   195  16.660   0.930   0.480
 0325   495  16.578   1.013
 0326   120  16.942   1.095
 0326   195  17.070   1.150   0.570
 1025   195  14.830   0.660   0.330
 1025   477  14.853   0.681
 1025   495  14.497   0.690
 1028   195  14.980   0.740   0.340
 1028   477  14.568   0.812
 1028   495  14.445   0.807
 1033   195  15.310   0.880   0.400
 1034   195  15.470   0.840   0.460
 1034   477  15.571   0.874
 1034   495  15.423   0.863
 1037   195  15.610   1.050   0.460
 1037   477  15.655   1.072
 1037   495  15.618   1.047
 1040   195  15.900   0.870   0.450
 1040   477  15.944   0.922
 1040   495  14.770   0.728
 1041   195  15.900   1.050   0.420
 1041   477  15.886   1.041
 1041   495  15.842   1.072
 1043   195  16.360   1.180   0.650
 1044   195  17.690   1.510   0.690
 1045   195  19.160   1.760   1.390
 1046   195  19.250   1.730   1.040
 1069   195  14.390   1.540   1.210
 1069   477  14.366   1.440
 1069   495  14.366   1.659
 1071   195  14.500   2.020   2.160
 1071   477  14.536   1.853
 1071   495  14.399   1.868
 1074   195  14.810   1.790   1.860
 1074   477  14.826   1.672
 1074   495  14.747   1.847
 1076   195  14.850   0.940   0.480
 1076   477  14.968   0.950
 1076   495  14.805   0.954
 1077   195  14.880   1.370  -0.040
 1077   477  14.780   0.968
 1077   495  14.217   1.038
 1082   195  14.980   0.900   0.360
 1082   477  15.038   0.928
 1082   495  14.897   0.899
 1085   195  15.300   0.720   0.360
 1085   477  14.770   0.779
 1085   495  14.631   0.811
 1086   195  15.340   0.760   0.320
 1086   477  15.390   0.783
 1086   495  15.315   0.764
 1089   195  15.480   0.940   0.380
 1089   477  15.482   0.939
 1089   495  15.439   0.903
 1090   195  15.560   0.850   0.390
 1092   195  15.650   0.950   0.290
 1094   195  15.690   0.850   0.320
 1095   195  15.710   0.900   0.390
 1095   477  15.720   0.909
 1095   495  15.763   0.876
 1096   195  15.710   0.890   0.340
 1096   477  15.769   0.886
 1096   495  15.601   0.857
 1098   195  15.800   0.910   0.610
 1099   195  15.800   0.910   0.310
 1101   195  15.940   1.090   0.510
 1101   495  15.599   1.082
 1105   195  16.080   0.830
 1106   195  16.090   1.310   0.900
 1106   495  15.980   1.371
 1107   195  16.110   1.220
 1109   195  16.170   0.990   0.650
 1112   195  16.250   0.840   0.150
 1112   495  16.164   0.824
 1113   195  16.270   1.160   1.240
 1113   495  16.011   1.233
 1116   195  16.390   1.270   0.840
 1116   495  16.156   1.377
 1118   195  16.510   1.280   0.690
 1118   495  16.116   1.430
 1119   195  16.550   1.190   0.520
 1119   495  16.509   1.300
 1120   195  16.560   1.100   0.500
 1120   495  15.723   1.555
 1123   195  16.590   0.790   0.290
 1123   495  16.648   0.789
 1124   195  16.630   1.030   0.430
 1124   495  16.744   1.482
 1127   195  16.660   1.020   0.470
 1127   495  16.597   1.061
 1128   195  16.660   1.170   0.530
 1128   495  16.241   1.226
 1129   195  16.710   1.010   0.190
 1132   195  16.790   1.110   0.510
 1133   195  16.800   1.040
 1134   195  16.840   1.490   1.350
 1134   495  16.505   1.532
 1136   195  16.890   1.100   0.220
 1137   195  16.910   1.020   0.420
 1139   195  16.920   1.110   0.320
 1140   195  16.950   1.000   0.340
 1141   195  16.970   1.150   0.450
 1141   495  16.901   1.339
 1142   195  16.990   1.110   0.140
 1144   195  17.010   1.110   0.440
 1144   495  16.491   0.993
 1145   195  17.030   1.110   0.160
 1145   495  16.114   0.961
 1146   195  17.060   1.110   0.340
 1146   495  16.232   1.016
 1147   195  17.060   1.070   0.570
 1148   195  17.070   1.200   0.180
 1148   495  16.302   1.188
 1150   195  17.080   1.270   0.830
 1151   195  17.090   1.140   0.490
 1152   195  17.120   1.440   0.850
 1152   495  17.133   1.583
 1153   195  17.120   1.280   0.560
 1153   495  16.805   1.506
 1157   195  17.170   2.020
 1157   495  17.390   3.062
 1158   195  17.180   1.210   1.260
 1158   495  16.816   1.260
 1161   195  17.200   1.270   0.630
 1162   195  17.200   1.140   0.610
 1162   495  16.916   1.268
 1163   195  17.220   1.050   0.560
 1163   495  17.322   0.925
 1164   195  17.240   1.160   0.560
 1165   195  17.250   2.100
 1165   495  17.210   2.567
 1166   195  17.270   1.130   0.490
 1166   495  17.105   1.315
 1167   195  17.280   1.070   0.650
 1169   195  17.290   1.300
 1170   195  17.300   1.000   0.080
 1171   195  17.300   1.010   0.480
 1171   495  16.998   1.301
 1172   195  17.320   1.000   0.350
 1173   195  17.320   1.460   1.020
 1173   495  17.248   1.478
 1174   195  17.320   1.020   0.590
 1176   195  17.340   1.150   0.490
 1176   495  16.774   1.283
 1178   195  17.370   2.860
 1179   195  17.370   1.240   0.680
 1181   195  17.420   1.330   0.470
 1182   195  17.430   0.810   0.080
 1183   195  17.430   1.400   0.890
 1183   495  16.943   1.466
 1184   195  17.440   0.960   0.450
 1185   195  17.450   1.180   0.540
 1186   195  17.450   1.200   0.580
 1187   195  17.470   0.670
 1190   195  17.480   1.030   0.340
 1191   195  17.480   0.760
 1192   195  17.490   1.100   0.440
 1192   495  17.002   1.351
 1194   195  17.500   1.160   0.510
 1195   195  17.510   1.350   0.780
 1195   495  17.291   1.014
 1196   195  17.510   1.230   0.710
 1196   495  17.469   1.329
 1197   195  17.510   2.240
 1197   495  17.626   4.582
 1198   195  17.550   1.270   0.800
 1198   495  17.282   1.526
 1199   195  17.550   1.380   1.020
 1199   495  17.319   1.661
 1200   195  17.560   1.450   0.900
 1201   195  17.560   0.570
 1202   195  17.570   1.270   0.780
 1203   195  17.570   1.190   0.490
 1203   495  17.656   1.290
 1205   195  17.600   2.100
 1206   195  17.610   1.580
 1207   195  17.610   1.050   0.420
 1207   495  17.461   1.030
 1208   195  17.620   1.180   0.660
 1209   195  17.620   1.210   0.490
 1209   495  17.006   1.062
 1210   195  17.620   1.270   0.740
 1210   495  17.422   1.090
 1211   195  17.630   2.240
 1212   195  17.640   2.150   0.010
 1213   195  17.660   1.290
 1214   195  17.660   1.210   0.720
 1214   495  17.807   0.776
 1215   195  17.660   1.270
 1216   195  17.690   1.430   0.830
 1216   495  17.676   1.506
 1217   195  17.690   1.110   0.100
 1218   195  17.720   1.430
 1218   495  16.858   1.598
 1219   195  17.720   1.100   0.410
 1219   495  17.063   1.169
 1220   195  17.720   0.900   0.260
 1222   195  17.760   1.340
 1223   195  17.780   1.460   1.070
 1224   195  17.800   1.340   0.600
 1225   195  17.810   1.230   0.520
 1225   495  16.389   1.371
 1226   195  17.860   1.590
 1226   495  18.125   4.307
 1227   195  17.870   1.200   0.180
 1228   195  17.870   1.040   0.140
 1229   195  17.870   1.340   0.630
 1229   495  17.868   1.470
 1230   195  17.880   1.360
 1231   195  17.890   1.500   0.290
 1233   195  17.890   1.160   0.770
 1233   495  17.223   1.596
 1234   195  17.900   1.190   0.550
 1234   495  17.595   1.258
 1235   195  17.910   1.200
 1235   495  17.363   1.223
 1236   195  17.920   1.080   0.690
 1237   195  17.920   1.160   0.450
 1238   195  17.940   1.210   0.660
 1239   195  17.940   1.520   1.060
 1239   495  17.673   1.743
 1241   195  17.950   1.160  -0.160
 1242   195  17.950   1.300   0.690
 1242   495  18.583   1.625
 1243   195  17.960   1.100   0.560
 1243   495  17.503   1.461
 1244   195  17.960   1.190   0.450
 1244   495  17.259   1.723
 1245   195  17.960   1.190   0.580
 1248   195  17.980   1.230   0.420
 1250   195  17.990   1.200   0.500
 1251   195  17.990   1.280   0.580
 1252   195  17.990   1.090   0.380
 1253   195  18.000   1.200   1.280
 1254   195  18.010   1.160   0.470
 1255   195  18.020   1.720
 1256   195  18.020   1.420
 1257   195  18.040   1.420   0.980
 1257   495  17.732   1.636
 1258   195  18.040   1.090  -0.230
 1259   195  18.040   1.420
 1259   495  18.168   1.639
 1260   195  18.050   1.350
 1261   195  18.060   1.700
 1262   195  18.060   1.410   1.230
 1263   195  18.060   1.170   0.970
 1264   195  18.070   1.370
 1264   495  18.167   1.627
 1265   195  18.070   1.310   0.680
 1266   195  18.080   1.250
 1267   195  18.080   1.340
 1268   195  18.090   1.090   0.430
 1269   195  18.100   1.460
 1270   195  18.110   1.180   0.420
 1271   195  18.110   1.460   0.870
 1272   195  18.120   1.420
 1273   195  18.120   1.300
 1274   195  18.130   1.010  -0.130
 1275   195  18.130   2.470
 1276   195  18.140   1.280   0.580
 1277   195  18.150   1.050   0.530
 1277   495  18.172   1.314
 1278   195  18.150   1.050   0.470
 1278   495  17.476   1.493
 1279   195  18.150   1.450
 1280   195  18.160   1.150  -0.240
 1281   195  18.170   1.350   0.610
 1282   195  18.170   1.110
 1283   195  18.180   3.210
 1284   195  18.180   1.360   0.660
 1284   495  18.223   1.982
 1285   195  18.190   1.540
 1287   195  18.190   1.320   0.660
 1288   195  18.190   1.260   0.790
 1289   195  18.200   1.280   0.590
 1289   495  18.110   1.664
 1290   195  18.200   1.400
 1292   195  18.220   1.400   0.940
 1293   195  18.230   1.530
 1294   195  18.240   1.230   0.480
 1295   195  18.250   1.220   0.850
 1295   495  18.221   1.499
 1296   195  18.250   0.840
 1297   195  18.250   1.190  -0.470
 1298   195  18.250   1.270   0.790
 1298   495  16.968   1.835
 1299   195  18.260   1.640
 1300   195  18.260   1.340
 1301   195  18.270   1.350
 1302   195  18.280   1.760
 1302   495  17.514   1.738
 1303   195  18.280   1.050
 1304   195  18.310   0.930
 1305   195  18.320   1.650   0.940
 1306   195  18.340   0.980
 1307   195  18.340   1.090
 1308   195  18.350   1.180
 1309   195  18.350   1.260   0.820
 1310   195  18.350   1.320   0.710
 1310   495  17.573   1.359
 1311   195  18.350   1.580
 1312   195  18.350   1.600
 1313   195  18.350   1.380
 1314   195  18.360   1.660
 1315   195  18.360   0.860
 1316   195  18.370   0.710
 1317   195  18.380   1.340
 1318   195  18.390   1.310
 1319   195  18.390   1.640
 1320   195  18.390   1.330   0.680
 1321   195  18.400   1.570
 1322   195  18.420   0.580
 1323   195  18.420   1.470
 1324   195  18.420   1.600
 1325   195  18.420   1.250   0.610
 1326   195  18.420   1.340
 1327   195  18.430   1.250   0.780
 1328   195  18.430   0.960
 1329   195  18.430   1.460
 1330   195  18.450   1.400
 1331   195  18.450   1.560
 1332   195  18.450   0.860  -0.110
 1333   195  18.480   1.180   0.300
 1334   195  18.480   1.290   0.600
 1335   195  18.480   1.330
 1336   195  18.500   1.120   0.400
 1337   195  18.500   1.470   0.570
 1338   195  18.500   1.250
 1339   195  18.510   1.470
 1340   195  18.510   1.300
 1341   195  18.510   1.490
 1342   195  18.530   1.550   1.250
 1343   195  18.530   1.310
 1344   195  18.530   1.760
 1345   195  18.530   1.180
 1346   195  18.540   1.260
 1347   195  18.570   1.400
 1348   195  18.580   0.720  -0.030
 1349   195  18.580   1.640
 1350   195  18.580   1.560
 1351   195  18.580   1.730
 1352   195  18.590   1.780
 1353   195  18.600   1.260   0.040
 1354   195  18.610   0.980   0.250
 1354   495  17.959   1.288
 1355   195  18.620   1.100   0.450
 1356   195  18.630   1.390
 1357   195  18.630   0.970  -0.340
 1358   195  18.640   1.560
 1359   195  18.640   1.360
 1360   195  18.650   1.270
 1361   195  18.650   1.300
 1362   195  18.660   1.500
 1363   195  18.660   1.310
 1364   195  18.660   1.120
 1365   195  18.660   1.310
 1366   195  18.660   1.310
 1367   195  18.670   1.630
 1368   195  18.670   1.340
 1369   195  18.680   1.240
 1370   195  18.680   1.320
 1371   195  18.690   1.320
 1372   195  18.700   1.430
 1373   195  18.710   1.670
 1374   195  18.710   1.180
 1375   195  18.710   2.000
 1376   195  18.710   1.020   0.190
 1377   195  18.710   1.350
 1378   195  18.720   1.210
 1379   195  18.730   1.050
 1380   195  18.740   1.230   0.510
 1381   195  18.750   1.420
 1382   195  18.750   1.470
 1383   195  18.750   1.230
 1384   195  18.750   1.310
 1385   195  18.750   1.720
 1386   195  18.760   1.310
 1387   195  18.760   1.660
 1388   195  18.770   0.460
 1389   195  18.770   1.300
 1390   195  18.780   1.200
 1391   195  18.780   1.310
 1392   195  18.790   1.340
 1393   195  18.800   1.330
 1394   195  18.800   1.330
 1395   195  18.810   1.330
 1396   195  18.820   1.650
 1397   195  18.820   1.360   0.120
 1398   195  18.860   1.570
 1399   195  18.860   1.480
 1400   195  18.860   1.470
 1401   195  18.870   1.520   1.360
 1402   195  18.880   1.230
 1403   195  18.890   1.560
 1404   195  18.890   1.410
 1405   195  18.900   1.340
 1406   195  18.900   1.520
 1407   195  18.910   1.330   0.700
 1408   195  18.910   1.400
 1409   195  18.910   1.570
 1410   195  18.920   1.470
 1411   195  18.920   1.540
 1412   195  18.930   2.010
 1413   195  18.940   0.420
 1414   195  18.940   1.300
 1415   195  18.950   1.210
 1416   195  18.950   1.370
 1417   195  18.950   1.560
 1418   195  18.980   1.660
 1419   195  18.980   1.370   0.950
 1420   195  19.000   1.090
 1421   195  19.000   0.990
 1422   195  19.010   1.240
 1423   195  19.020   1.450
 1424   195  19.020   1.690
 1425   195  19.020   1.430
 1426   195  19.020   1.690
 1427   195  19.030   0.830
 1428   195  19.040   1.600
 1429   195  19.040   1.430
 1430   195  19.040   1.830
 1431   195  19.060   1.390
 1432   195  19.060   1.300
 1433   195  19.060   1.250
 1434   195  19.080   1.680
 1435   195  19.110   1.450   0.490
 1436   195  19.130   2.050
 1437   195  19.130   1.320
 1438   195  19.130   1.460
 1439   195  19.140   1.220
 1440   195  19.160   1.490
 1441   195  19.160   1.520
 1442   195  19.160   1.340
 1443   195  19.170   1.450
 1444   195  19.170   1.690
 1445   195  19.170   1.390
 1446   195  19.170   1.380
 1447   195  19.180   0.850
 1448   195  19.180   0.950
 1449   195  19.180   1.380
 1450   195  19.180   1.440
 1451   195  19.190   1.260
 1452   195  19.200   1.760
 1453   195  19.200   1.460
 1454   195  19.210   0.590
 1455   195  19.220   1.210
 1456   195  19.240   1.840
 1457   195  19.240   1.220
 1458   195  19.250   1.250
 1459   195  19.250   1.420
 1460   195  19.260   1.200
 1461   195  19.260   1.780
 1462   195  19.260   1.410
 1463   195  19.270   1.470
 1464   195  19.290   0.930
 1465   195  19.290   1.420
 1466   195  19.290   1.550
 1467   195  19.320   1.380
 1468   195  19.330   0.860
 1469   195  19.340   1.590
 1470   195  19.350   1.740
 1471   195  19.360   1.370
 1472   195  19.360   0.990
 1473   195  19.360   1.650
 1474   195  19.380   1.680
 1475   195  19.380   2.080
 1476   195  19.390   1.670
 1477   195  19.410   1.230
 1478   195  19.430   1.140
 1479   195  19.440   1.070
 1480   195  19.440   1.940
 1481   195  19.450   1.510
 1482   195  19.450   1.450
 1483   195  19.460   0.850
 1484   195  19.460   1.350
 1485   195  19.460   1.400
 1486   195  19.470   1.630
 1487   195  19.480   1.400
 1488   195  19.480   1.210
 1489   195  19.480   1.340
 1490   195  19.490   1.460
 1491   195  19.490   1.080
 1492   195  19.490   1.340
 1493   195  19.490   1.880
 1494   195  19.500   0.820
 1495   195  19.520   1.220
 1496   195  19.520   1.430
 1497   195  19.540   0.840  -0.030
 1498   195  19.540   1.590
 1499   195  19.550   1.060
 1500   195  19.560   1.060
 1501   195  19.560   1.360
 1502   195  19.560   1.410
 1503   195  19.580   1.070
 1504   195  19.590   1.640
 1505   195  19.600   1.490
 1506   195  19.610   1.540
 1507   195  19.610   1.680
 1508   195  19.610   1.000
 1509   195  19.620   1.560
 1510   195  19.630   1.280
 1511   195  19.640   0.940
 1512   195  19.640   1.550
 1513   195  19.640   1.400
 1514   195  19.650   1.530
 1515   195  19.650   2.010
 1516   195  19.660   1.370
 1517   195  19.660   1.580
 1518   195  19.710   1.850
 1519   195  19.710   1.010
 1520   195  19.710   1.430
 1521   195  19.710   1.110
 1522   195  19.710   1.350
 1523   195  19.720   0.890
 1524   195  19.720   1.490
 1525   195  19.730   1.470
 1526   195  19.730   2.230
 1527   195  19.730   1.240
 1528   195  19.750   1.890
 1529   195  19.750   1.410
 1530   195  19.750   1.800
 1531   195  19.700  -0.200
 1532   195  19.760   2.060
 1533   195  19.790   0.430
 1534   195  19.790   1.610
 1535   195  19.790   1.310
 1536   195  19.800   1.950
 1537   195  19.810   0.840
 1538   195  19.830   1.440
 1539   195  19.840   1.520
 1540   195  19.850   1.510   0.160
 1541   195  19.870   2.070
 1542   195  19.880   1.700
 1543   195  19.890   1.500
 1544   195  19.900   1.350
 1545   195  19.900   1.430
 1546   195  19.910   2.130
 1547   195  19.910   1.650
 1548   195  19.910   1.650
 1549   195  19.910   1.230
 1550   195  19.920   1.320
 1551   195  19.940   1.690
 1552   195  19.960   1.530
 1553   195  19.960   1.780
 1554   195  19.970   2.050
 1555   195  19.970   1.600
 1556   195  19.980   1.480
 1557   195  19.980   1.630
 1558   195  19.980   1.580
 1559   195  20.000   2.440
 1560   195  20.000   2.030
 1561   195  20.010   1.830
 1562   195  20.010   2.140
 1563   195  20.030   1.630
 1564   195  20.030   0.590
 1565   195  20.030   1.390
 1566   195  20.030   2.140
 1567   195  20.040   1.680
 1568   195  20.040   1.730
 1569   195  20.070   1.840
 1570   195  20.090   1.400
 1571   195  20.090   1.530
 1572   195  20.100   1.650
 1573   195  20.100   1.970
 1574   195  20.120   1.280
 1575   195  20.120   1.550
 1576   195  20.120   1.380
 1577   195  20.120   1.750
 1578   195  20.130   1.800
 1579   195  20.160   0.800
 1580   195  20.180   0.100
 1581   195  20.200   1.570
 1582   195  20.220   1.510
 1583   195  20.220   1.710
 1584   195  20.230   1.970
 1585   195  20.260   1.630
 1586   195  20.270   1.280
 1587   195  20.320   1.650
 1588   195  20.330   1.800
 1589   195  20.390   0.840
 1590   195  20.390   1.430
 1591   195  20.400   1.960
 1592   195  20.440   1.430
 1593   195  20.450   2.110
 1594   195  20.480   1.980
 1595   195  20.490   1.670
 1596   195  20.500   1.760
 1597   195  20.510   1.280
 1598   195  20.520   2.030
 1599   195  20.520   1.810
 1600   195  20.540   2.080
 1601   195  20.580   1.390
 1602   195  20.600   0.710
 1603   195  20.620   1.510
 1604   195  20.620   1.580
 1605   195  20.650   1.310
 1606   195  20.660   1.640
 1607   195  20.750   1.860
 1608   195  20.850   1.060
 1609   195  20.980   1.390
 1610   195  21.120   1.400
 2001   495  17.369   1.531
 2002   495  14.960   1.878
 2003   495  16.992   1.504
 2006   495  17.783   1.820
 2007   495   9.013   1.323
 2008   495  13.549   0.558
 2009   495  15.444   1.090
 2014   495  17.290   1.152
 2015   495  11.997   0.355
 2016   495  15.957   0.993
 2017   495  17.848   1.437
 2018   495  14.829   2.598
 2019   495  13.225   0.314
 2020   495  15.934   1.115
 2022   495  17.683   1.887
 2023   495  16.328   1.271
 2024   495  17.983   1.710
 2025   495  17.954   1.943
 2027   495  17.514   1.293
 2028   495  17.735   1.732
 2029   495  18.272   1.301
 2030   495  16.163   1.187
 2033   495  16.273   1.392
 2034   495  16.940   1.269
 2035   495  17.227   1.440
 2036   495  17.270   1.320
 2038   495  14.196   0.734
 2039   495  16.242   1.213
 2040   495  18.128   1.323
 2042   495  14.103   1.108
 2043   495  16.313   1.391
 2045   495  17.656   1.409
 2046   495  14.187   0.770
 2047   495  17.650   1.379
 2049   495  16.359   1.265
 2050   495  17.090   1.445
 2051   495  17.788   1.416
 2052   495  17.216   1.579
 2055   495  17.691   2.219
 2056   495  14.989   1.295
 2058   495  15.193   0.891
 2059   495  14.806   1.155
 2060   495  17.555   1.338
 2062   495  15.646   1.028
 2063   495  17.041   1.322
 2064   495  16.975   1.906
 2065   495  16.712   1.146
 2066   495  15.942   1.044
 2068   495  15.292   1.032
 2069   495  18.325   1.161
 2070   495  15.870   1.054
 2071   495  15.685   1.319
 2072   495  15.856   1.133
 2074   495  15.145   0.959
 2076   495  17.969   1.280
 2077   495  16.937   1.300
 2078   495  16.787   1.196
 2079   495  16.437   1.487
 2080   495  15.414   0.959
 2081   495  17.329   1.949
 2082   495  15.806   1.606
 2083   495  13.736   0.820
 2086   495  17.733   1.105
 2087   495  14.836   0.824
 2088   495  14.205   0.749
 2089   495  14.472   1.033
 2090   495  17.854   1.641
 2091   495  16.305   0.964
 2092   495  14.232   1.922
 2093   495  15.159   1.263
 2095   495  15.116   0.987
 2097   495  17.394   1.589
 2098   495  16.985   1.404
 2099   495  17.665   1.205
 2100   495  17.105   1.263
 2103   495  16.674   1.810
 2104   495  16.355   1.461
 2105   495  16.487   1.318
 2106   495  16.875   1.369
 2107   495  15.811   1.188
 2108   495  16.997   1.219
 2109   495  15.770   1.155
 2110   495  16.770   1.295
 2111   495  17.399   1.096
 2113   495  17.029   1.629
 2114   495  13.387   0.719
 2116   495  17.737   2.249
 2117   495  16.794   1.714
 2118   495  18.191   1.595
 2119   495  15.973   2.372
 2120   495  16.711   2.023
 2122   495  16.107   1.848
 2123   495  13.923   0.534
 2124   495  16.659   1.294
 2125   495  15.575   0.993
 2126   495  18.660   1.666
 2127   495  16.572   2.178
 2128   495  17.492   1.304
 2129   495  17.961   1.708
 2130   495  15.644   1.338
 2131   495  14.933   1.849
 2132   495  18.040   1.630
 2133   495  17.456   1.281
 2135   495  14.928   2.119
 2137   495  16.031   0.970
 2140   495  16.709   1.313
 2142   495  17.349   1.574
 2143   495  15.266   1.056
 2144   495  15.700   1.937
 2145   495  18.562   2.651
 2146   495  17.278   1.761
 2147   495  16.848   1.253
 2148   495  14.573   0.855
 2149   495  17.110   1.257
 2150   495  15.803   1.084
 2151   495  17.243   1.428
 2153   495  15.535   1.192
 2155   495  12.425   0.540
 2159   495  15.110   1.388
 2160   495  15.078   0.760
 2161   495  16.086   1.223
 2162   495  16.730   1.234
 2163   495  17.677   1.172
 2164   495  16.349   1.102
 2165   495  16.556   1.438
 2167   495  16.617   1.300
 2168   495  16.118   1.254
 2169   495  14.671   0.870
 2170   495  17.096   1.482
 2172   495  16.137   2.296
 2175   495  14.512   0.692
 2176   495  17.170   1.337
 2178   495  18.085   1.469
 2179   495  16.136   1.332
 2180   495  14.997   0.236
 2181   495  17.619   1.356
 2182   495  15.704   1.138
 2184   495  16.508   1.113
 2185   495  15.106   0.774
 2186   495  15.075   1.729
 2187   495  17.907   1.716
 2188   495  14.188   2.029
 2190   495  13.932   0.640
 2191   495  15.208   1.040
 2192   495  16.859   1.308
 2193   495  18.795   2.579
 2194   495  16.474   1.343
 2195   495  15.257   1.243
 2196   495  17.263   1.115
 2197   495  16.449   1.860
 2198   495  15.198   1.209
 2200   495  17.200   1.258
 2203   495  16.688   1.121
 2204   495  16.043   1.298
 2205   495  15.613   0.805
 2206   495  16.020   1.128
 2207   495  14.988   1.110
 2208   495  16.737   1.684
 2209   495  16.018   1.346
 2210   495  16.427   1.118
 2211   495  17.861   2.002
 2212   495  17.099   1.274
 2215   495  16.588   1.732
 2216   495  14.791   1.493
 2217   495  16.446   2.317
 2219   495  17.132   1.711
 2220   495  17.752   1.655
 2221   495  15.576   0.909
 2222   495  16.109   2.521
 2224   495  16.488   2.647
 2226   495  17.245   1.347
 2227   495  18.543   1.488
 2228   495  15.630   0.943
 2229   495  16.002   1.077
 2231   495  17.163   1.463
 2232   495  16.593   1.416
 2234   495  17.100   1.426
 2236   495  16.706   1.130
 2237   495  17.119   1.356
 2238   495  11.746   0.520
 2239   495  17.430   1.646
 2240   495  16.988   1.511
 2241   495  14.466   0.847
 2242   495  16.679   1.045
 2243   495  17.345   1.668
 2244   495  17.779   2.173
 2245   495  16.555   1.353
 2246   495  17.581   1.622
 2250   495  17.008   1.138
 2251   495  17.553   1.355
 2253   495  14.916   1.663
 2254   495  16.982   1.369
 2255   495  15.957   1.372
 2256   495  16.824   1.583
 2257   495  18.013   1.388
 2258   495  18.500   1.780
 2260   495  18.269   1.488
 2263   495  16.876   1.215
 2264   495  17.681   1.353
 2265   495  15.476   0.949
 2266   495  16.724   1.388
 2268   495  16.972   1.674
 2269   495  16.672   2.687
 2272   495  16.105   1.341
 2273   495  17.495   1.410
 2274   495  11.105   0.626
 2275   495  17.723   1.579
 2277   495  17.600   1.363
 2278   495  13.559   1.005
 2279   495  14.089   0.634
 2280   495  15.773   0.987
 2281   495  17.799   1.616
 2283   495  17.334   1.043
 2284   495  17.805   1.107
 2285   495  17.010   1.174
 2287   495  16.036   1.564
 2288   495  17.706   1.357
 2289   495  17.013   1.536
 2290   495  16.638   1.451
 2292   495  14.529   2.636
 2293   495  17.365   1.493
 2294   495  14.273   2.280
 2298   495  18.170   1.468
 2299   495  13.749   1.271
 2300   495  18.206   2.352
 2302   495  16.964   1.087
 2303   495  14.269   0.797
 2304   495  15.028   1.932
 2306   495  16.374   1.416
 2307   495  17.333   1.509
 2308   495  16.895   1.451
 2309   495  16.763   1.074
 2314   495  15.431   1.112
 2315   495  16.598   0.979
 2316   495  17.727   1.657
 2319   495  16.797   1.256
 2320   495  18.053   1.386
 2322   495  15.031   1.338
 2323   495  16.529   1.779
 2325   495  17.241   1.460
 2326   495  17.526   1.512
 2327   495  16.909   1.088
 2328   495  18.441   1.104
 2329   495  16.358   2.508
 2331   495  16.486   1.231
 2332   495  17.303   1.488
 2333   495  13.889   0.719
 2335   495  17.999   1.619
 2337   495  15.096   0.930
 2338   495  16.823   1.755
 2339   495  15.914   1.330
 2340   495  15.833   1.177
 2343   495  16.615   1.040
 2344   495  17.039   0.813
 2346   495  18.456   1.770
 2349   495  17.942   1.435
 2350   495  15.531   1.829
 2352   495  15.226   1.766
 2353   495  14.185   0.609
 2355   495  16.931   1.533
 2356   495  16.926   1.202
 2357   495  17.813   1.390
 2358   495  17.754   1.404
 2359   495  13.347   0.738
 2360   495  15.278   0.868
 2362   495  16.707   1.213
 2363   495  14.118   2.247
 2364   495  15.133   0.855
 2366   495  16.758   1.275
 2367   495  16.614   1.071
 2370   495  18.482   1.031
 2371   495  16.809   1.486
 2373   495  16.632   1.550
 2375   495  16.058   1.260
 2376   495  17.203   1.181
 2377   495  13.616   0.919
 2378   495  16.185   1.522
 2379   495  17.553   1.273
 2381   495  16.718   1.285
 2383   495  14.490   0.588
 2384   495  16.999   1.114
 2385   495  17.751   1.245
 2386   495  17.591   2.163
 2387   495  13.402   0.723
 2388   495  15.462   0.889
 2389   495  17.200   1.084
 2390   495  18.267   2.029
 2391   495  17.291   1.129
 2393   495  16.983   1.661
 2394   495  17.343   1.746
 2396   495  15.749   0.756
 2397   495  16.729   1.555
 2399   495  16.182   1.383
 2400   495  17.235   1.581
 2402   495  16.876   1.336
 2404   495  16.987   0.551
 2405   495  15.644   1.163
 2406   495  15.595   0.945
 2407   495  18.491   1.250
 2409   495  17.565   2.243
 2410   495  12.691   0.517
 2412   495  15.939   1.978
 2413   495  16.132   1.228
 2417   495  17.040   3.335
 2419   495  17.003   1.274
 2420   495  17.598   1.468
 2421   495  17.107   1.392
 2422   495  15.491   0.753
 2423   495  15.512   1.843
 2424   495  12.815   1.413
 2425   495  14.150   0.971
 2427   495  16.363   1.145
 2428   495  13.681   0.952
 2429   495  16.419   1.545
 2430   495  18.009   1.803
 2433   495  17.569   1.401
 2434   495  17.376   1.400
 2435   495  15.916   1.299
 2436   495  14.764   1.820
 2437   495  16.862   1.444
 2438   495  14.480   0.874
 2439   495  15.362   2.304
 2440   495  16.360   1.737
 2443   495  18.191   2.529
 2446   495  17.127   1.386
 2447   495  14.411   1.069
 2448   495  19.941   1.713
 2451   495  13.988   0.810
 2453   495  16.489   1.197
 2454   495  16.153   1.276
 2455   495  16.561   1.072
 2456   495  16.426   1.425
 2461   495  16.570   1.110
 2462   495  16.752   1.319
 2464   495  16.713   1.081
 2465   495  16.173   2.375
 2466   495  16.235   0.905
 2468   495  15.886   4.021
 2469   495  17.689   1.557
 2470   495  16.203   1.157
 2471   495  14.457   1.024
 2472   495  17.477   1.492
 2473   495  14.933   0.936
 2474   495  12.540   0.500
 2475   495  12.870   1.832
 2476   495  17.823   1.627
 2477   495  15.670   1.243
 2478   495  16.909   1.801
 2479   495  17.136   1.357
 2480   495  17.148   1.816
 2481   495  16.852   1.828
 2482   495  17.497   1.371
 2483   495  15.523   1.213
 2484   495  17.562   1.383
 2486   495  17.377   1.377
 2487   495  16.827   1.131
 2488   495  17.862   1.341
 2491   495  14.000   0.773
 2492   495  14.422   1.084
 2493   495  16.156   1.368
 2494   495  16.037   1.484
 2495   495  17.820   1.280
 2496   495  17.870   1.567
 2499   495  16.758   1.369
 2500   495  14.387   1.072
 2502   495  16.143   0.932
 2503   495  16.641   1.290
 2504   495  18.457   2.302
 2505   495  15.946   1.200
 2507   495  17.995   1.636
 2508   495  14.730   2.204
 2509   495  16.235   1.423
 2510   495  15.854   1.347
 2511   495  18.505   1.288
 2513   495  13.884   0.774
 2514   495  16.360   1.894
 2515   495  14.438   1.214
 2516   495  16.304   1.119
 2518   495  17.014   2.168
 2519   495  15.846   1.245
 2522   495  16.888   1.137
 2525   495  16.900   1.204
 2526   495  15.808   0.453
 2528   495  16.196   0.787
 2529   495  17.168   1.389
 2530   495  16.098   1.294
 2531   495  17.576   1.172
 2532   495  17.556   1.153
 2533   495  17.099   1.294
 2535   495  16.306   1.224
 2536   495  17.422   1.391
 2538   495  17.363   1.410
 2539   495  17.589   1.442
 2540   495  17.857   1.285
 2541   495  14.105   1.927
 2542   495  14.383   0.944
 2543   495  16.114   1.266
 2544   495  16.740   1.198
 2545   495  16.233   0.863
 2546   495  18.559   1.808
 2549   495  17.105   1.149
 2550   495  17.020   1.195
 2551   495  16.291   1.416
 2552   495  15.391   0.960
 2555   495  17.574   1.979
 2556   495  15.843   0.878
 2557   495  17.794   1.474
 2558   495  16.986   1.256
 2559   495  17.020   1.528
 2560   495  18.441   1.848
 2561   495  16.525   0.874
 2562   495  15.612   1.113
 2563   495  17.391   1.014
 2564   495  17.182   1.235
 2565   495  17.890   1.188
 2566   495  17.030   1.363
 2567   495  17.581   1.204
 2568   495  16.617   1.411
 2570   495  17.954   1.403
 2572   495  15.943   1.432
 2573   495  16.664   1.083
 2574   495  16.922   1.080
 2575   495  15.408   1.199
 2576   495  16.543   1.110
 2577   495  15.787   1.098
 2578   495  18.052   1.935
 2579   495  16.734   1.398
 2582   495  15.021   0.869
 2583   495  15.327   1.563
 2584   495  17.264   1.142
 2585   495  17.252   1.319
 2586   495  16.048   1.410
 2587   495  17.275   1.602
 2589   495  17.127   1.285
 2592   495  14.660   0.620
 2593   495  16.902   1.415
 2594   495  16.344   2.100
 2595   495  13.390   1.919
 2596   495  17.405   1.366
 2597   495  16.578   1.351
 2598   495  17.224   1.373
 2599   495  15.111   1.084
 2600   495  16.901   1.577
 2601   495  16.352   1.303
 2603   495  17.830   1.722
 2604   495  16.251   1.425
 2606   495  18.645   1.352
 2607   495  17.533   1.280
 2609   495  17.995   1.460
 2611   495  15.210   2.288
 2612   495  16.248   1.621
 2613   495  13.631   0.968
 2615   495  17.180   1.291
 2616   495  16.927   1.617
 2617   495  16.822   1.064
 2619   495  17.550   1.544
 2621   495  16.671   1.432
 2622   495  15.724   1.355
 2623   495  15.960   1.041
 2624   495  16.674   0.975
 2625   495  18.402   2.625
 2626   495  18.058   1.424
 2628   495  15.349   1.791
 2629   495  17.601   1.205
 2630   495  14.871   2.318
 2631   495  16.589   1.096
 2632   495  16.821   0.810
 2633   495  17.374   1.210
 2634   495  16.627   1.595
 2639   495  15.355   0.760
 2640   495  15.525   1.246
 2642   495  17.041   1.418
 2644   495  15.695   1.652
 2646   495  18.074   1.567
 2648   495  18.785   1.675
 2649   495  16.698   1.004
 2650   495  17.442   1.419
 2651   495  18.453   2.181
 2652   495  15.392   1.228
 2653   495  16.717   1.195
 2654   495  16.680   1.855
 2656   495  17.331   1.501
 2658   495  17.754   1.340
 2659   495  17.897   1.421
 2660   495  17.311   1.834
 2661   495  17.223   0.314
 2662   495  16.275   1.428
 2663   495  16.928   1.059
 2664   495  15.701   1.450
 2665   495  17.883   0.874
 2667   495  18.242   1.602
 2669   495  16.382   1.064
 2670   495  16.895   0.514
 2674   495  13.798   0.643
 2675   495  17.624   1.004
 2680   495  17.241   1.679
 2682   495  14.609   1.843
 2683   495  14.789   1.094
 2684   495  17.388   1.170
 2685   495  18.345   1.327
 2688   495  15.146   1.598
 2689   495  13.884   0.696
 2691   495  14.486   0.928
 2692   495  17.614   1.396
 2693   495  16.677   1.320
 2696   495  18.292   2.002
 2697   495  16.605   0.728
 2699   495  14.821   0.897
 2701   495  18.093   2.225
 2702   495  17.047   1.433
 2703   495  16.902   1.535
 2705   495  17.632   1.164
 2707   495  14.326   1.044
 2708   495  14.541   0.923
 2709   495  14.922   0.923
 2710   495  15.309   1.785
 2713   495  16.478   0.882
 2715   495  17.782   1.225
 2717   495  15.373   0.810
 2719   495  18.193   1.663
 2720   495  17.386   1.375
 2721   495  16.028   1.177
 2722   495  14.544   0.925
 2723   495  16.282   1.028
 2724   495  16.834   1.108
 2726   495  16.703   1.077
 2728   495  16.369   1.196
 2729   495  10.808   0.429
 2730   495  14.021   0.881
 2731   495  17.675   2.054
 2733   495  18.470   2.065
 2735   495  17.617   1.427
 2736   495  14.142   0.732
 2737   495  15.949   1.809
 2738   495  16.598   1.354
 2739   495  17.333   1.210
 2740   495  15.672   0.992
 2743   495  17.002   1.664
 2744   495  17.078   1.161
 2745   495  15.922   0.930
 2749   495  17.911   1.380
 2750   495  14.998   0.665
 2751   495  15.030   0.995
 2753   495  15.121   0.839
 2755   495  15.771   1.201
 2756   495  17.063   1.795
 2757   495  14.941   1.005
 2758   495  16.028   0.954
 2760   495  16.727   1.542
 2761   495  16.781   1.285
 2762   495  15.922   0.721
 2765   495  14.903   0.675
 2768   495  17.896   1.847
 2769   495  13.997   1.835
 2772   495  17.601   1.351
 2773   495  16.259   1.464
 2774   495  15.156   1.651
 2776   495  17.499   1.414
 2777   495  17.141   1.216
 2778   495  14.322   0.850
 2779   495  15.417   1.184
 2780   495  18.340   1.384
 2781   495  15.586   1.174
 2785   495  16.999   0.986
 2786   495  16.230   1.065
 2787   495  14.748   0.806
 2789   495  16.168   1.225
 2791   495  17.085   0.853
 2792   495  17.781   1.189
 2793   495  16.996   1.465
 2795   495  16.969   1.292
 2796   495  16.170   1.064
 2797   495  16.610   1.298
 2798   495  15.941   1.198
 2801   495  17.544   1.078
 2802   495  16.441   1.133
 2803   495  15.538   1.118
 2804   495  17.071   1.120
 2806   495  14.096   2.022
 2807   495  15.230   1.145
 2811   495  14.394   1.774
 2812   495  15.420   1.077
 2813   495  15.958   1.077
 2814   495  15.309   0.532
 2817   495  16.934   1.503
 2818   495  14.073   2.505
 2819   495  17.145   1.414
 2820   495  15.997   0.928
 2821   495  15.978   1.390
 2822   495  17.499   1.183
 2824   495  17.086   1.409
 2826   495  17.031   1.818
 2828   495  17.164   1.200
 2829   495  15.784   1.081
 2831   495  17.089   1.200
 2832   495  15.225   0.983
 2833   495  18.307   1.306
 2835   495  17.765   2.492
 2837   495  15.815   1.038
 2838   495  16.200   1.251
 2842   495  16.430   1.347
 2844   495  17.674   1.608
 2845   495  16.060   0.850
 2846   495  15.843   1.035
 2847   495  17.416   1.241
 2848   495  16.619   0.895
 2849   495  18.295   1.261
 2850   495  16.463   0.989
 2852   495  17.449   0.635
 2853   495  17.564   1.410
 2854   495  15.867   1.486
 2855   495  16.180   1.375
 2857   495  17.988   1.405
 2859   495  16.096   0.607
 2860   495  13.580   1.856
 2861   495  15.088   1.461
 2862   495  16.985   2.132
 2863   495  16.691   1.052
 2864   495  15.797   0.992
 2866   495  16.811   1.086
 2868   495  16.621   1.076
 2871   495  16.357   2.098
 2874   495  16.481   1.385
 2875   495  17.287   1.265
 2877   495  15.405   1.813
 2880   495  16.034   0.943
 2881   495  16.339   0.966
 2887   495  16.351   1.189
 2888   495  17.169   1.165
 2889   495  17.438   1.233
 2890   495  15.434   1.850
 2892   495  16.348   1.125
 2893   495  15.377   0.999
 2894   495  17.551   1.466
 2895   495  16.307   0.886
 2896   495  17.701   1.600
 2898   495  16.878   1.306
 2899   495  16.076   0.821
 2900   495  14.783   0.883
 2901   495  15.568   0.813
 2902   495  16.785   1.222
 2903   495  11.651   0.418
 2904   495  17.925   1.469
 2905   495  15.108   1.971
 2910   495  17.984   1.070
 2911   495  15.460   0.786
 2912   495  16.750   1.057
 2913   495  15.088   1.111
 2916   495  14.323   0.755
 2917   495  15.281   1.732
 2918   495  17.330   1.184
 2920   495  18.494   2.017
 2921   495  16.254   1.133
 2922   495  16.712   1.376
 2923   495  14.042   0.747
 2924   495  16.215   0.961
 2925   495  14.544   2.179
 2927   495  15.761   1.231
 2928   495  16.861   1.538
 2929   495  17.657   1.225
 2932   495  17.249   1.689
 2933   495  16.343   1.098
 2934   495  13.934   1.987
 2935   495  17.243   1.256
 2936   495  16.370   1.307
 2937   495  17.245   1.345
 2938   495  16.274   0.967
 2939   495  18.622   1.550
 2940   495  17.101   1.756
 2941   495  17.681   1.289
 2942   495  15.659   1.570
 2944   495  11.875   0.267
 2945   495  15.846   1.405
 2946   495  17.540   1.184
 2947   495  17.577   1.784
 2948   495  16.503   2.044
 2951   495  14.713   1.362
 2952   495  18.207   3.503
 2953   495  14.933   1.022
 2954   495  15.206   0.861
 2955   495  16.602   1.617
 2956   495  16.437   1.110
 2957   495  13.206   1.737
 2958   495  16.170   1.705
 2961   495  17.085   1.430
 2962   495  16.952   1.626
 2963   495  16.920   1.098
 2965   495  15.804   1.256
 2968   495  14.261   0.867
 2969   495  16.035   0.961
 2971   495  17.936   1.289
 2972   495  16.749   0.862
 2973   495  15.797   0.877
 2974   495  17.186   3.370
 2975   495  14.947   0.407
 2976   495  17.015   1.430
 2977   495  17.199   1.539
 2979   495  17.450   1.531
 2981   495  15.709   0.919
 2982   495  15.376   0.729
 2985   495  17.868   1.756
 2989   495  17.558   1.809
 2990   495  16.520   1.342
 2992   495  16.571   0.917
 2994   495  17.869   1.784
 2995   495  17.753   1.772
 2996   495  14.796   1.088
 2999   495  14.245   0.486
 3000   495  15.169   0.845
 3001   495  17.171   1.157
 3002   495  16.125   1.124
 3005   495  18.008   1.328
 3010   495  14.355   1.887
 3011   495  18.722   1.522
 3013   495  16.464   1.407
 3014   495  16.323   1.126
 3015   495  17.460   2.129
 3016   495  17.123   1.428
 3019   495  15.440   0.832
 3020   495  15.488   1.321
 3022   495  14.327   0.816
 3023   495  17.106   1.383
 3024   495  16.378   0.963
 3027   495  17.943   1.954
 3028   495  17.004   1.265
 3029   495  14.835   0.826
 3030   495  16.981   1.208
 3033   495  17.195   1.042
 3034   495  16.820   1.335
 3035   495  16.292   1.125
 3036   495  16.827   1.107
 3037   495  16.806   1.300
 3038   495  17.885   1.438
 3040   495  17.309   1.383
 3043   495  14.953   0.834
 3044   495  17.359   1.300
 3045   495  16.003   1.338
 3047   495  14.925   0.815
 3048   495  15.453   1.349
 3049   495  16.338   1.156
 3051   495  14.654   0.738
 3052   495  16.413   1.393
 3053   495  13.651   0.382
 3054   495  17.128   1.173
 3055   495  16.799   1.209
 3057   495  17.220   1.065
 3059   495  18.451   1.650
 3060   495  17.474   2.345
 3061   495  17.362   1.340
 3062   495  15.020   1.628
 3063   495  14.640   1.016
 3065   495  17.273   1.265
 3066   495  16.472   1.172
 3067   495  16.775   1.148
 3068   495  17.208   1.083
 3069   495  16.547   1.844
 3070   495  14.223   1.725
 3071   495  17.865   1.558
 3072   495  16.462   1.190
 3073   495  16.757   1.669
 3074   495  17.784   1.775
 3075   495  15.828   1.115
 3076   495  16.811   1.420
 3079   495  16.973   1.197
 3081   495  16.357   0.939
 3082   495  16.300   0.995
 3085   495  14.692   1.033
 3086   495  15.224   1.156
 3087   495  17.539   1.490
 3089   495  15.976   1.117
 3090   495  16.807   1.473
 3091   495  14.661   1.977
 3092   495  16.415   1.027
 3093   495  16.014   1.222
 3094   495  16.694   1.408
 3095   495  17.867   1.280
 3097   495  15.048   0.699
 3098   495  16.467   1.384
 3100   495  15.308   1.879
 3101   495  13.223   0.383
 3104   495  16.493   1.194
 3105   495  17.404   1.343
 3106   495  16.040   1.243
 3108   495  16.448   1.281
 3109   495  17.527   1.452
 3110   495  14.581   1.359
 3111   495  17.814   1.382
 3113   495  15.969   0.573
 3114   495  10.106   1.108
 3115   495  17.779   1.192
 3116   495  14.140   0.626
 3117   495  16.601   1.735
 3118   495  17.912   1.392
 3120   495  15.566   0.895
 3121   495  16.774   1.297
 3127   495  16.132   1.194
 3129   495  16.822   1.950
 3132   495  17.169   1.584
 3133   495  17.897   1.414
 3136   495  16.817   1.635
 3137   495  16.358   1.371
 3138   495  17.388   1.216
 3139   495  18.171   1.503
 3140   495  17.493   1.618
 3142   495  14.331   0.641
 3143   495  16.087   0.998
 3144   495  11.985   0.535
 3146   495  16.826   1.546
 3147   495  17.103   1.516
 3149   495  17.286   1.141
 3151   495  16.824   1.220
 3153   495  16.593   1.216
 3155   495  16.342   1.148
 3156   495  16.417   0.923
 3157   495  16.461   1.299
 3158   495  16.708   1.333
 3159   495  15.860   1.338
 3160   495  17.233   1.349
 3162   495  16.587   1.184
 3163   495  16.154   1.083
 3164   495  17.121   1.493
 3165   495  16.641   1.454
 3166   495  13.350   0.570
 3168   495  16.726   1.832
 3170   495  16.968   1.660
 3171   495  17.208   1.532
 3172   495  16.345   1.004
 3173   495  17.669   1.472
 3174   495  14.217   0.746
 3175   495  17.403   1.338
 3176   495  15.624   1.820
 3179   495  17.994   1.797
 3180   495  16.783   1.879
 3181   495  16.912   1.422
 3182   495  16.539   0.967
 3183   495  17.385   1.665
 3186   495  16.655   1.089
 3187   495  15.397   0.679
 3188   495  17.148   1.534
 3189   495  17.739   1.929
 3190   495  15.012   2.750
 3192   495  17.454   1.297
 3193   495  16.973   1.444
 3194   495  15.776   1.102
 3195   495  17.648   1.571
 3196   495  16.827   1.526
 3197   495  15.131   0.759
 3198   495  18.091   1.319
 3199   495  16.912   1.511
 3200   495  16.105   1.149
 3202   495  17.991   1.937
 3203   495  17.764   1.543
 3204   495  16.708   1.235
 3205   495  15.354   1.326
 3206   495  17.090   2.710
 3208   495  15.602   1.238
 3209   495  18.060   1.207
 3210   495  14.413   0.625
 3211   495  14.602   1.609
 3212   495  17.580   1.688
 3215   495  16.352   1.369
 3216   495  16.200   1.220
 3217   495  18.008   1.272
 3218   495  18.331   1.327
 3219   495  17.117   1.044
 3220   495  17.414   1.127
 3221   495  17.582   1.723
 3222   495  14.379   1.595
 3223   495  18.946   1.160
 3224   495  17.962   1.569
 3226   495  16.662   1.069
 3227   495  15.682   1.060
 3229   495  17.144   1.133
 3231   495  17.866   1.459
 3232   495  15.836   1.922
 3234   495  16.133   0.953
 3236   495  15.748   0.725
 3238   495  14.963   1.637
 3239   495  16.569   1.263
 3240   495  17.884   2.168
 3241   495  16.744   1.707
 3242   495  12.988   0.584
 3243   495  17.862   1.920
 3244   495  15.975   1.847
 3246   495  16.030   1.590
 3247   495  16.292   1.187
 3248   495  14.795   1.179
 3249   495  16.721   0.931
 3250   495  16.217   0.926
 3252   495  17.414   1.591
 3255   495  15.636   0.808
 3257   495  13.438   0.607
 3258   495  15.375   1.361
 3260   495  16.178   1.131
 3261   495  14.945   2.133
 3262   495  15.690   0.709
 3264   495  16.266   0.845
 3265   495  15.878   1.180
 3266   495  15.687   2.429
 3267   495  15.937   1.044
 3268   495  17.210   1.442
 3271   495  17.499   1.266
 3272   495  14.055   0.503
 3274   495  18.212   1.541
 3276   495  17.285   1.226
 3278   495  16.369   1.019
 3279   495  15.597   1.538
 3281   495  16.839   1.226
 3283   495  16.302   1.292
 3284   495  17.706   1.292
 3285   495  16.688   1.255
 3287   495  16.095   1.184
 3289   495  15.731   1.175
 3290   495  17.907   1.456
 3291   495  17.021   1.476
 3292   495  15.433   1.025
 3293   495  17.476   4.271
 3295   495  16.584   1.713
 3297   495  15.897   1.140
 3298   495  17.079   1.228
 3300   495  15.337   0.699
 3302   495  17.540   1.712
 3304   495  15.161   1.748
 3305   495  16.926   1.914
 3307   495  15.342   1.398
 3308   495  16.462   0.947
 3310   495  16.941   1.212
 3311   495  15.374   0.979
 3313   495  13.717   1.608
 3316   495  16.161   1.139
 3317   495  16.618   1.200
 3320   495  15.389   0.937
 3323   495  18.166   2.564
 3326   495  17.458   1.577
 3327   495  15.464   1.039
 3328   495  18.554   2.284
 3329   495  16.695   0.883
 3331   495  17.610   1.131
 3333   495  16.331   1.174
 3334   495  16.153   1.843
 3336   495  17.793   1.768
 3337   495  16.909   0.832
 3338   495  16.574   1.141
 3342   495  15.822   1.027
 3343   495  15.621   1.166
 3344   495  15.298   1.329
 3346   495  16.969   1.226
 3347   495  15.977   1.241
 3349   495  16.909   1.279
 3350   495  14.211   1.001
 3352   495  17.726   1.668
 3353   495  12.407   0.410
 3354   495  17.236   1.201
 3357   495  17.683   1.582
 3358   495  15.891   1.224
 3359   495  16.358   1.124
 3360   495  16.966   1.300
 3361   495  16.935   1.727
 3363   495  16.929   1.708
 3366   495  15.443   1.121
 3367   495  17.462   1.006
 3368   495  15.957   1.254
 3369   495  17.523   1.178
 3370   495  15.496   1.705
 3373   495  14.391   0.663
 3377   495  14.362   0.991
 3379   495  16.072   1.335
 3380   495  13.244   0.524
 3381   495  17.047   1.072
 3382   495  17.889   1.932
 3383   495  14.463   0.971
 3384   495  16.580   1.511
 3385   495  17.998   1.699
 3386   495  16.248   1.863
 3388   495  18.398   1.080
 3389   495  17.329   1.410
 3390   495  14.112   0.823
 3391   495  16.657   1.257
 3392   495  16.222   1.398
 3393   495  16.729   1.151
 3395   495  15.003   0.873
 3396   495  16.193   1.052
 3397   495  16.317   0.895
 3398   495  15.115   1.010
 3399   495  16.258   1.133
 3400   495  15.479   1.834
 3401   495  16.435   0.885
 3402   495  18.046   1.260
 3403   495  16.921   1.454
 3405   495  16.503   1.463
 3406   495  16.919   1.042
 3408   495  17.426   1.145
 3409   495  17.759   1.464
 3411   495  12.440   0.364
 3412   495  15.035   1.817
 3413   495  15.970   1.236
 3414   495  16.289   1.376
 3415   495  16.418   1.126
 3417   495  17.691   1.374
 3418   495  18.286   1.535
 3420   495  16.178   0.999
 3421   495  17.684   1.171
 3422   495  15.830   1.641
 3425   495  17.099   1.200
 3426   495  17.379   1.463
 3427   495  18.305   2.096
 3429   495  15.844   1.406
 3430   495  15.143   1.169
 3434   495  16.597   1.251
 3435   495  17.217   1.544
 3436   495  15.366   1.039
 3437   495  15.646   1.794
 3438   495  11.679   1.377
 3441   495  16.588   1.453
 3444   495  16.774   1.296
 3445   495  16.323   0.881
 3446   495  17.386   1.071
 3447   495  16.785   2.791
 3448   495  15.297   0.854
 3449   495  16.764   1.148
 3450   495  16.448   0.918
 3453   495  17.224   1.678
 3454   495  14.261   1.683
 3455   495  16.168   1.243
 3456   495  15.771   1.649
 3459   495  17.924   1.559
 3460   495  15.820   1.342
 3464   495  15.997   0.701
 3465   495  15.721   1.004
 3466   495  14.806   1.057
 3467   495   9.813  -0.051
 3468   495  16.570   1.248
 3470   495  15.603   1.127
 3471   495  13.969   2.365
 3473   495  18.060   1.548
 3474   495  15.019   0.771
 3475   495  15.125   0.624
 3476   495  15.815   2.129
 3477   495  17.713   1.502
 3479   495  18.211   1.480
 3480   495  15.271   1.090
 3481   495  16.088   1.242
 3483   495  15.053   0.871
 3485   495  15.936   1.093
 3486   495  17.505   1.210
 3488   495  16.809   1.240
 3489   495  15.202   0.993
 3490   495  13.254   0.767
 3492   495  18.278   1.488
 3494   495  15.500   1.817
 3496   495  16.310   1.224
 3497   495  17.328   1.170
 3498   495  17.145   1.365
 3499   495  17.570   1.187
 3500   495  16.714   1.363
 3502   495  16.343   1.293
 3503   495  17.613   1.527
 3504   495  16.815   0.865
 3506   495  18.249   1.457
 3507   495  14.933   1.556
 3509   495  16.780   1.156
 3510   495  17.200   1.293
 3511   495  16.997   1.289
 3512   495  17.042   1.307
 3513   495  15.270   1.650
 3514   495  17.405   1.763
 3515   495  17.799   1.627
 3516   495  16.699   0.508
 3518   495  16.274   1.548
 3519   495  15.315   1.675
 3520   495  16.816   1.947
 3521   495  16.676   1.521
 3522   495  14.922   1.065
 3524   495  15.400   1.014
 3526   495  17.219   1.096
 3527   495  15.777   1.683
 3528   495  17.704   1.602
 3529   495  17.631   1.322
 3530   495  14.988   1.097
 3531   495  17.620   1.567
 3532   495  16.909   1.282
 3533   495  17.606   1.450
 3534   495  17.331   1.307
 3536   495  15.065   1.902
 3538   495  17.325   1.340
 3539   495  17.554   1.431
 3540   495  15.484   0.953
 3543   495  15.926   1.688
 3544   495  12.811   1.778
 3545   495  15.178   0.748
 3546   495  15.694   1.873
 3547   495  15.905   0.795
 3548   495  15.713   1.107
 3551   495  16.715   1.708
 3552   495  15.484   1.013
 3555   495  15.537   0.880
 3557   495  16.996   1.487
 3559   495  16.965   1.535
 3562   495  16.334   1.148
 3563   495  17.716   1.341
 3564   495  18.057   1.653
 3565   495  16.387   1.208
 3566   495  16.162   1.170
 3567   495  15.926   0.862
 3569   495  15.997   1.032
 3570   495  15.078   0.690
 3571   495  16.919   1.458
 3572   495  14.607   0.865
 3573   495  17.502   1.674
 3574   495  17.685   1.712
 3577   495  15.511   0.967
 3578   495  16.517   1.218
 3581   495  16.482   1.287
 3582   495  16.225   1.313
 3583   495  14.247   0.138
 3584   495  16.341   1.186
 3585   495  17.749   1.281
 3586   495  17.403   1.193
 3587   495  15.452   1.078
 3588   495  16.892   1.183
 3589   495  18.554   1.499
 3591   495  16.032   1.725
 3594   495  15.514   1.018
 3595   495  16.962   1.102
 3596   495  16.295   0.915
 3597   495  16.922   1.382
 3598   495  15.923   1.377
 3600   495  16.967   1.395
 3603   495  15.904   1.244
 3604   495  18.353   1.139
 3606   495  16.463   1.833
 3607   495  17.124   1.412
 3609   495  17.360   1.365
 3610   495  18.572   1.574
 3611   495  14.656   1.220
 3612   495  15.913   1.460
 3614   495  13.797   0.862
 3616   495  18.082   1.496
 3617   495  17.983   1.289
 3618   495  16.606   1.113
 3619   495  20.392   0.988
 3621   495  18.416   1.522
 3622   495  16.009   1.168
 3625   495  16.342   1.160
 3626   495  17.174   1.605
 3628   495  16.825   0.859
 3629   495  15.232   0.788
 3632   495  15.394   0.837
 3633   495  16.938   2.372
 3634   495  15.418   1.579
 3635   495  18.086   1.531
 3636   495  17.717   1.396
 3637   495  16.503   1.098
 3638   495  16.597   1.151
 3640   495  17.346   1.700
 3642   495  14.797   0.753
 3643   495  16.668   1.332
 3644   495  17.088   0.667
 3645   495  15.765   1.584
 3646   495  14.994   0.679
 3647   495  16.078   1.866
 3648   495  16.714   1.262
 3650   495  12.428   0.481
 3652   495  13.820  -0.103
 3653   495  14.134   1.224
 3654   495  13.603   0.673
 3656   495  15.198   1.861
 3657   495  16.912   1.288
 3659   495  16.098   0.957
 3660   495  17.833   1.449
 3662   495  16.354   1.527
 3664   495  14.908   0.841
 3665   495  14.961   0.615
 3666   495  15.580   1.032
 3668   495  15.731   1.026
 3669   495  16.728   1.065
 3670   495  16.950   0.799
 3671   495  16.394   1.700
 3672   495  16.910   1.098
 3673   495  17.009   1.260
 3674   495  16.433   1.284
 3675   495  15.048   0.772
 3676   495  14.867   0.876
 3677   495  17.256   1.691
 3678   495  17.660   1.286
 3680   495  17.975   2.219
 3682   495  16.188   1.096
 3683   495  18.070   2.107
 3684   495  16.837   1.494
 3685   495  17.714   1.407
 3686   495  15.668   1.045
 3687   495  17.491   1.538
 3688   495  15.194   1.144
 3689   495  16.419   1.155
 3690   495  15.752   1.205
 3691   495  16.051   1.066
 3692   495  17.622   1.499
 3693   495  15.507   0.616
 3695   495  14.087   0.841
 3696   495  14.709   1.075
 3698   495  16.248   1.243
 3699   495  17.219   1.432
 3700   495  16.514   0.983
 3701   495  11.365   0.967
 3702   495  14.986   1.571
 3703   495  13.366   2.369
 3704   495  15.975   1.166
 3705   495  17.777   1.741
 3706   495  18.066   1.559
 3707   495  16.000   1.147
 3708   495  15.631   2.086
 3711   495  16.759   1.822
 3712   495  15.935   1.685
 3715   495  14.816   1.783
 3716   495  17.096   1.123
 3717   495  15.747   0.864
 3719   495  13.696   0.712
 3722   495  17.874   1.087
 3724   495  15.646   1.189
 3725   495  14.060   0.887
 3726   495  16.896   1.196
 3728   495  15.701   0.949
 3729   495  16.945   1.135
 3731   495  17.213   1.534
 3732   495  15.905   1.855
 3733   495  17.326   1.047
 3734   495  15.124   1.212
 3735   495  14.801   1.743
 3737   495  16.810   1.407
 3739   495  16.242   1.941
 3740   495  17.920   1.302
 3741   495  16.406   1.437
 3742   495  15.496   1.542
 3743   495  15.823   1.195
 3744   495  18.004   1.490
 3745   495  17.547   1.362
 3746   495  16.698   1.164
 3747   495  16.684   1.119
 3749   495  17.174   1.290
 3750   495  16.724   1.117
 3751   495  17.233   1.425
 3752   495  15.435   1.025
 3753   495  14.538   1.590
 3754   495  17.162   1.367
 3756   495  16.476   1.305
 3764   495  18.143   1.525
 3765   495  16.407   0.985
 3767   495  15.670   1.017
 3770   495  16.462   0.436
 3771   495  18.387   1.656
 3772   495  16.142   1.016
 3773   495  15.594   0.979
 3774   495  16.138   1.270
 3777   495  14.352   2.205
 3778   495  15.334   1.089
 3779   495  13.801   0.661
 3780   495  14.973   1.666
 3782   495  17.018   1.397
 3783   495  17.772   2.040
 3784   495  16.721   1.125
 3785   495  16.320   1.100
 3786   495  16.696   1.352
 3787   495  17.700   1.274
 3789   495  17.584   1.455
 3791   495  15.521   1.502
 3792   495  18.303   2.238
 3793   495  18.037   1.641
 3795   495  17.576   1.300
 3796   495  16.480   1.331
 3797   495  16.686   1.238
 3798   495  15.785   1.089
 3799   495  14.983   0.752
 3800   495  14.679   0.718
 3801   495  18.787   1.155
 3802   495  17.692   1.233
 3803   495  16.991   1.381
 3805   495  16.466   2.455
 3806   495  15.254   1.559
 3808   495  14.605   0.915
 3809   495  17.321   1.390
 3810   495  17.226   1.344
 3811   495  15.723   0.926
 3813   495  15.537   0.697
 3814   495  16.105   1.292
 3815   495  16.886   1.847
 3817   495  15.996   0.933
 3818   495  17.446   1.290
 3819   495  18.398   2.198
 3820   495  15.557   1.500
 3822   495  16.091   1.851
 3823   495  16.733   1.676
 3824   495  15.345   0.964
 3825   495  14.632   2.175
 3826   495  17.591   1.699
 3827   495  18.057   1.741
 3829   495  14.419   1.322
 3830   495  16.802   1.320
 3831   495  17.224   1.387
 3832   495  15.748   1.007
 3834   495  16.803   1.351
 3835   495  15.009   1.030
 3838   495  15.459   1.455
 3839   495  17.396   1.809
 3840   495  16.187   1.111
 3841   495  17.580   1.142
 3844   495  15.851   1.141
 3845   495  17.605   1.446
 3846   495  16.977   1.660
 3849   495  15.291   0.766
 3850   495  14.719   1.256
 3851   495  17.519   1.452
 3852   495  16.251   0.596
 3853   495  17.984   1.068
 3854   495  15.521   1.511
 3855   495  16.148   1.522
 3856   495  15.858   1.283
 3857   495  18.547   2.619
 3858   495  15.518   0.922
 3859   495  16.131   1.085
 3860   495  17.892   0.903
 3861   495  15.269   1.289
 3862   495  16.825   2.369
 3863   495  17.416   1.802
 3864   495  17.333   1.342
 3865   495  15.512   1.139
 3866   495  17.657   2.179
 3867   495  16.170   1.018
 3869   495  15.108   0.886
 3870   495  17.892   1.288
 3871   495  17.041   1.126
 3872   495  17.973   1.517
 3873   495  17.673   1.288
 3874   495  16.150   1.176
 3875   495  15.556   1.054
 3876   495  16.238   1.146
 3877   495  16.634   1.273
 3878   495  16.382   1.324
 3880   495  17.116   1.197
 3881   495  17.414   1.413
 3883   495  17.017   1.453
 3886   495  16.357   1.148
 3887   495  14.222   1.518
 3888   495  15.174   1.558
 3892   495  16.243   1.195
 3893   495  16.630   1.292
 3894   495  17.112   1.418
 3895   495  17.207   1.197
 3897   495  17.279   1.506
 3898   495  17.468   1.364
 3899   495  16.929   1.343
 3900   495  13.924   1.106
 3901   495  16.057   1.092
 3902   495  14.816   0.859
 3903   495  17.596   1.395
 3904   495  18.072   1.359
 3905   495  15.457   1.300
 3906   495  16.990   1.429
 3907   495  16.124   0.868
 3908   495  17.325   1.576
 3909   495  13.867   0.814
 3910   495  16.281   1.442
 3911   495  17.640   1.848
 3913   495  14.969   0.846
 3914   495  16.898   1.084
 3915   495  16.750   1.145
 3916   495  17.748   1.143
 3917   495  17.106   1.263
 3919   495  17.553   1.199
 3920   495  18.108   1.257
 3922   495  14.405   0.593
 3923   495  14.676   1.741
 3925   495  15.433   0.913
 3926   495  17.549   1.600
 3927   495  17.823   1.290
 3930   495  16.967   1.494
 3931   495  15.090   0.933
 3932   495  16.813   1.506
 3934   495  16.798   1.457
 3935   495  17.795   1.910
 3936   495  17.406   1.551
 3938   495  16.333   1.081
 3941   495  16.689   1.391
 3942   495  17.577   1.803
 3943   495  15.733   2.545
 3945   495  17.422   1.369
 3947   495  16.324   1.020
 3948   495  15.571   1.151
 3949   495  16.289   2.321
 3951   495  16.959   1.389
 3954   495  15.297   1.015
 3955   495  17.907   1.258
 3956   495  16.705   2.232
 3959   495  16.847   2.136
 3960   495  14.675   0.990
 3962   495  17.593   0.808
 3963   495  16.919   1.275
 3965   495  18.474   1.021
 3966   495  16.948   1.069
 3970   495  17.791   1.715
 3972   495  17.563   1.180
 3973   495  15.116   1.232
 3974   495  15.665   0.903
 3975   495  15.163   1.129
 3976   495  17.203   1.350
 3977   495  17.124   1.602
 3978   495  14.319   0.742
 3979   495  12.061   0.451
 3980   495  17.732   1.393
 3982   495  15.433   0.904
 3984   495  17.401   1.077
 3985   495  16.581   1.421
 3986   495  16.771   1.411
 3987   495  18.188   1.451
 3988   495  14.729   1.095
 3992   495  16.177   0.739
 3993   495  16.261   1.165
 3994   495  17.474   1.444
 3995   495  17.453   1.532
 3996   495  17.553   0.826
 3997   495  15.914   0.841
 3999   495  16.403   1.332
 4001   495  17.451   1.255
 4002   495  11.999   1.927
 4003   495  16.139   1.180
 4004   495  16.581   1.248
 4005   495  17.794   1.342
 4006   495  16.843   1.058
 4007   495  14.961   1.734
 4008   495  16.996   1.341
 4009   495  17.729   1.583
 4010   495  13.884   1.762
 4011   495  17.092   1.334
 4014   495  16.129   1.285
 4015   495  14.957   1.503
 4016   495  15.805   2.016
 4017   495  17.808   1.321
 4018   495  15.837   2.007
 4019   495  15.706   1.107
 4021   495  16.780   1.297
 4022   495  16.347   1.316
 4023   495  15.161   0.714
 4024   495  14.249   0.854
 4025   495  15.156   0.953
 4028   495  16.917   1.384
 4031   495  18.602   1.849
 4034   495  16.736   1.062
 4035   495  17.103   1.287
 4038   495  16.392   1.315
 4040   495  16.360   1.320
 4041   495  14.574   1.012
 4042   495  16.016   1.265
 4044   495  15.454   2.013
 4046   495  17.565   1.200
 4047   495  17.553   1.548
 4049   495  16.306   1.283
 4052   495  15.799   0.927
 4053   495  16.152   1.373
 4054   495  14.686   1.834
 4055   495  16.928   1.153
 4056   495  16.403   1.341
 4057   495  13.691   0.705
 4058   495  16.450   1.021
 4059   495  13.769   2.435
 4060   495  16.318   0.986
 4061   495  17.409   1.000
 4063   495  16.008   3.175
 4064   495  16.122   1.154
 4066   495  16.547   1.642
 4068   495  16.831   2.467
 4069   495  17.043   1.245
 4071   495  16.331   0.856
 4072   495  16.592   1.518
 4074   495  16.861   1.893
 4076   495  18.816   1.442
 4077   495  16.875   1.389
 4078   495  16.780   1.581
 4080   495  17.502   1.288
 4081   495  17.253   1.444
 4082   495  17.116   1.482
 4084   495  17.065   0.946
 4085   495  16.049   0.676
 4088   495  17.112   1.494
 4089   495  17.785   1.144
 4090   495  15.777   0.910
 4091   495  17.542   1.936
 4093   495  15.233   1.016
 4094   495  17.691   1.301
 4096   495  14.501   0.737
 4097   495  13.888   1.141
 4099   495  15.682   1.850
 4100   495  17.669   1.338
 4103   495  15.265   1.443
 4107   495  17.847   1.306
 4108   495  17.583   1.308
 4109   495  16.533   0.965
 4110   495  13.736   1.520
 4111   495  17.612   1.354
 4112   495  16.899   1.403
 4113   495  16.476   1.135
 4114   495  15.923   1.087
 4115   495  16.621   1.186
 4118   495  17.292   1.323
 4119   495  17.281   1.342
 4120   495  14.597   0.934
 4121   495  16.495   1.543
 4122   495  17.433   1.320
 4123   495  16.295   0.754
 4124   495  17.190   1.140
 4126   495  18.189   1.270
 4127   495  16.682   1.160
 4128   495  14.953   0.924
 4129   495  17.098   0.969
 4130   495  17.411   1.563
 4132   495  14.807   1.653
 4133   495  16.482   0.869
 4134   495  17.204   1.170
 4135   495  15.951   0.874
 4136   495  16.204   1.242
 4139   495  17.554   1.759
 4140   495  17.287   2.463
 4141   495  16.261   1.219
 4142   495  17.153   1.678
 4143   495  14.577   1.173
 4144   495  18.457   1.384
 4145   495  17.478   1.383
 4146   495  17.324   0.762
 4147   495  17.570   1.367
 4150   495  16.227   0.897
 4151   495  14.805   1.094
 4153   495  17.749   2.483
 4154   495  16.624   1.097
 4156   495  16.347   1.247
 4157   495  16.520   1.240
 4160   495  17.022   1.307
 4161   495  10.466   1.437
 4162   495  14.920   1.401
 4164   495  15.655   0.916
 4165   495  16.897   1.489
 4166   495  13.010   1.620
 4168   495  16.439   0.939
 4170   495  16.301   0.907
 4172   495  16.601   1.218
 4173   495  16.760   1.142
 4174   495  16.775   1.690
 4179   495  16.144   1.388
 4180   495  14.666   1.176
 4181   495  17.646   1.910
 4182   495  15.121   0.962
 4183   495  17.876   0.888
 4185   495  16.060   1.178
 4186   495  16.295   1.170
 4187   495  14.024   1.648
 4188   495  13.982   0.654
 4189   495  15.015   1.564
 4190   495  16.584   0.776
 4191   495  16.982   1.446
 4192   495  17.864   1.430
 4193   495  17.901   1.246
 4194   495  17.837   1.568
 4195   495  17.266   1.160
 4196   495  16.658   1.296
 4197   495  15.932   0.954
 4198   495  16.008   1.169
 4199   495  16.249   1.015
 4200   495  17.432   1.276
 4201   495  15.620   1.623
 4203   495  16.207   1.370
 4204   495  17.220   1.444
 4205   495  17.108   1.372
 4206   495  12.110  -3.135
 4207   495  15.072   1.954
 4209   495  16.384   0.907
 4210   495  13.336   0.135
 4211   495  15.908   1.227
 4213   495  16.788   1.434
 4214   495  16.234   1.076
 4216   495  16.370   1.180
 4218   495  13.505   0.683
 4220   495  14.800   0.751
 4221   495  17.898   1.568
 4222   495  16.782   0.986
 4223   495  15.944   1.089
 4224   495  14.944   1.159
 4225   495  15.445   1.332
 4226   495  15.960   1.026
 4227   495  16.712   0.981
 4229   495  15.786   0.909
 4231   495  16.815   1.624
 4232   495  16.337   1.199
 4234   495  16.352   0.805
 4237   495  15.074   1.901
 4238   495  12.480   0.391
 4241   495  16.740   1.159
 4244   495  16.362   1.147
 4245   495  15.940   1.078
 4246   495  16.948   1.248
 4247   495  11.869   0.444
 4248   495  16.892   1.106
 4249   495  16.987   1.213
 4252   495  17.437   1.500
 4253   495  15.585   1.157
 4254   495  14.739   1.017
 4255   495  15.353   1.050
 4256   495  15.220   0.814
 4257   495  17.408   1.509
 4258   495  16.221   1.077
 4259   495  15.821   1.100
 4261   495  15.685   1.237
 4262   495  15.807   1.019
 4263   495  15.693   1.242
 4264   495  15.795   1.098
 4265   495  16.846   0.878
 4266   495  16.905   1.239
 4268   495  17.259   1.496
 4270   495  16.437   1.229
 4271   495  17.195   1.306
 4273   495  17.070   1.097
 4274   495  14.735   0.240
 4275   495  17.500   1.710
 4277   495  15.090   0.662
 4280   495  17.534   1.203
 4281   495  15.809   0.919
 4283   495  18.168   1.346
 4284   495  16.804   1.588
 4285   495  16.310   1.150
 4286   495  14.688   0.981
 4287   495  14.926   0.943
 4289   495  17.108   0.790
 4290   495  15.589   1.168
 4291   495  16.571   1.281
 4293   495  17.551   1.253
 4294   495  17.315   1.600
 4295   495  16.722   1.074
 4296   495  16.274   1.558
 4297   495  14.978   0.848
 4298   495  18.496   1.236
 4300   495  16.189   1.021
 4301   495  16.890   1.131
 4302   495  18.126   1.640
 4303   495  16.327   1.815
 4304   495  17.127   1.293
 4306   495  15.834   1.013
 4307   495  17.420   1.800
 4308   495  16.262   1.366
 4309   495  14.743   2.098
 4311   495  18.065   1.964
 4312   495  17.733   1.344
 4314   495  17.201   1.403
 4315   495  16.164   1.089
 4316   495  17.399   2.000
 4317   495  18.032   1.121
 4319   495  14.892   0.909
 4320   495  18.527   1.396
 4321   495  17.743   1.197
 4323   495  15.230   1.931
 4324   495  17.642   1.244
 4326   495  13.989   0.804
 4328   495  15.137   0.762
 4331   495  17.948   1.263
 4335   495  14.984   0.585
 4336   495  18.067   1.544
 4337   495  17.634   1.470
 4338   495  17.897   1.338
 4339   495  16.314   1.057
 4343   495  17.871   1.890
 4344   495  16.531   1.071
 4345   495  15.008   1.101
 4346   495  18.462   1.571
 4347   495  16.667   1.227
 4348   495  16.340   1.173
 4350   495  16.725   1.176
 4351   495  17.333   0.947
 4353   495  15.800   1.162
 4354   495  17.091   1.337
 4355   495  16.288   1.177
 4357   495  16.046   1.156
 4358   495  18.201   1.798
 4359   495  16.819   1.059
 4360   495  15.433   1.112
 4361   495  16.130   1.008
 4365   495  14.864   0.576
 4366   495  18.035   1.336
 4367   495  16.968   1.439
 4369   495  16.906   1.009
 4370   495  16.669   1.001
 4371   495  16.461   1.013
 4372   495  14.824   1.553
 4373   495  13.518   1.599
 4375   495  16.730   1.115
 4376   495  17.332   1.331
 4377   495  17.064   1.214
 4378   495  17.398   1.767
 4380   495  16.135   1.942
 4381   495  16.346   0.929
 4382   495  18.053   1.358
 4383   495  16.593   1.011
 4384   495  15.920   1.528
 4385   495  16.542   1.054
 4386   495  16.335   1.164
 4389   495  17.642   1.716
 4390   495  16.235   1.126
 4391   495  17.423   1.636
 4392   495  15.228   0.745
 4394   495  15.008   0.972
 4395   495  14.712   0.914
 4396   495  16.768   1.320
 4397   495  14.845   1.684
 4400   495  16.863   1.122
 4401   495  16.724   1.381
 4402   495  17.334   1.415
 4405   495  16.653   1.647
 4407   495  17.072   1.161
 4408   495  17.648   1.636
 4409   495  17.055   1.303
 4410   495  13.347   0.562
 4411   495  17.365   1.286
 4412   495  16.860   1.263
 4414   495  16.588   1.105
 4415   495  16.419   1.229
 4417   495  16.334   1.273
 4418   495  15.309   0.869
 4419   495  15.815   1.748
 4420   495  14.675   1.505
 4423   495  14.168   1.630
 4426   495  13.930   1.605
 4431   495  17.429   1.153
 4433   495  15.868   1.067
 4434   495  15.995   1.900
 4435   495  15.633   1.056
 4437   495  16.807   0.951
 4438   495  19.099   1.954
 4439   495  15.966   1.044
 4440   495  16.004   0.928
 4442   495  15.999   1.201
 4444   495  15.197   0.901
 4445   495  17.360   1.227
 4446   495  17.376   1.320
 4448   495  17.737   1.129
 4449   495  16.563   1.275
 4451   495  17.207   1.320
 4452   495  15.777   0.760
 4453   495  17.357   1.522
 4454   495  13.552   0.452
 4455   495  16.564   1.118
 4457   495  15.108   1.080
 4458   495  17.671   1.596
 4460   495  14.970   0.691
 4461   495  17.658   1.190
 4463   495  14.896   0.899
 4464   495  16.221   1.213
 4465   495  17.940   1.502
 4467   495  16.395   1.127
 4468   495  16.683   1.113
 4469   495  15.562   1.660
 4470   495  16.363   1.077
 4472   495  15.079   0.898
 4473   495  17.744   1.467
 4474   495  15.167   1.038
 4475   495  15.789   1.014
 4476   495  15.286   0.823
 4477   495  16.288   1.204
 4479   495  17.892   1.485
 4480   495  18.047   0.502
 4482   495  15.316   1.535
 4483   495  15.361   1.121
 4484   495  17.175   1.118
 4485   495  15.023   0.724
 4488   495  16.586   1.079
 4489   495  12.264   0.540
 4491   495  18.063   2.109
 4492   495  17.515   1.237
 4493   495  16.180   1.078
 4494   495  17.459   1.017
 4495   495  15.769   1.311
 4497   495  17.003   1.220
 4498   495  16.928   1.108
 4499   495  15.536   0.726
 4500   495  16.473   1.187
 4501   495  16.898   1.157
 4502   495  15.027   0.712
 4503   495  17.144   1.500
 4504   495  15.868   0.856
 4505   495  16.836   1.556
 4506   495  17.539   1.390
 4507   495  16.692   1.206
 4508   495  15.493   0.755
 4509   495  17.140   1.083
 4510   495  16.180   1.044
 4512   495  17.144   0.992
 4513   495  15.352   1.057
 4514   495  17.810   1.264
 4515   495  17.068   0.869
 4518   495  17.091   1.494
 4519   495  17.177   1.299
 4520   495  16.480   1.421
 4522   495  14.762   1.655
 4525   495  17.983   1.117
 4526   495  17.546   1.397
 4528   495  16.846   1.177
 4529   495  14.051   0.655
 4530   495  14.279   0.830
 4531   495  17.764   1.094
 4532   495  13.803   0.601
 4533   495  16.944   1.910
 4534   495  17.563   1.379
 4535   495  14.931   1.641
 4536   495  16.212   1.061
 4538   495  15.845   0.935
 4540   495  15.934   0.964
 4541   495  17.356   1.335
 4542   495  16.864   1.260
 4543   495  15.589   0.984
 4544   495  16.994   0.927
 4546   495  16.703   1.535
 4547   495  17.303   1.416
 4552   495  16.351   0.816
 4553   495  16.015   1.038
 4555   495  17.861   1.242
 4556   495  17.696   1.636
 4557   495  16.933   1.182
 4559   495  14.586   1.768
 4561   495  16.429   1.025
 4563   495  16.059   1.083
 4564   495  18.089   1.420
 4565   495  17.742   1.156
 4566   495  17.636   1.365
 4567   495  15.580   0.748
 4568   495  16.828   1.303
 4569   495  17.652   1.388
 4570   495  16.543   1.083
 4571   495  16.139   0.969
 4572   495  16.768   1.224
 4573   495  14.447   0.827
 4574   495  16.188   1.100
 4575   495  14.514   1.527
 4576   495  13.927   0.784
 4580   495  14.994   0.649
 4581   495  16.470   1.637
 4583   495  16.605   1.211
 4585   495  16.024   1.646
 4586   495  16.240   1.363
 4587   495  16.693   1.270
 4588   495  15.211   0.911
 4589   495  16.833   1.437
 4590   495  16.648   1.126
 4591   495  16.371   1.192
 4592   495  15.721   1.042
 4593   495  15.049   0.662
 4594   495  16.483   1.369
 4596   495  16.982   1.081
 4599   495  17.520   1.046
 4600   495  15.391   0.743
 4601   495  16.500   1.346
 4603   495  16.688   1.136
 4604   495  17.903   1.777
 4605   495  16.500   1.371
 4607   495  15.502   1.453
 4610   495  15.067   1.603
 4612   495  16.772   1.294
 4613   495  15.883   0.993
 4614   495  17.294   1.229
 4616   495  15.902   0.772
 4617   495  15.906   0.996
 4618   495  17.309   1.416
 4621   495  12.490   0.370
 4622   495  14.227   2.047
 4626   495  17.198   1.832
 4627   495  16.480   1.003
 4629   495  17.664   1.667
 4632   495  18.113   1.575
 4633   495  15.361   1.538
 4634   495  16.793   1.091
 4637   495  15.507   1.305
 4638   495  16.463   0.841
 4639   495  16.403   1.128
 4640   495  16.002   0.904
 4643   495  17.640   1.332
 4644   495  15.849   0.792
 4645   495  16.033   1.054
 4646   495  17.221   1.275
 4647   495  16.358   1.205
 4648   495  16.241   1.106
 4649   495  15.373   0.900
 4650   495  17.845   1.427
 4651   495  14.398   0.730
 4653   495  15.147   0.874
 4655   495  15.995   1.003
 4656   495  16.202   0.961
 4658   495  14.281   1.064
 4659   495  15.464   0.923
 4660   495  16.721   1.135
 4661   495  15.019   0.882
 4662   495  14.461   0.909
 4663   495  16.070  -0.302
 4665   495  14.904   0.645
 4666   495  15.783   0.963
 4667   495  18.171   1.746
 4668   495  17.738   1.531
 4669   495  17.383   1.383
 4671   495  15.534   1.768
 4672   495  14.608   0.712
 4673   495  17.275   1.158
 4674   495  16.809   1.349
 4675   495  17.434   1.139
 4676   495  16.999   1.206
 4677   495  18.394   1.184
 4678   495  15.645   1.036
 4679   495  14.724   1.845
 4680   495  15.492   1.640
 4681   495  17.302   1.513
 4682   495  17.643   1.363
 4685   495  16.172   0.932
 4686   495  17.673   1.534
 4687   495  17.737   1.455
 4688   495  15.116   1.600
 4689   495  15.229   0.730
 4690   495  14.736   0.814
 4691   495  14.884   1.673
 4693   495  17.737   0.981
 4695   495  15.334   1.581
 4699   495  15.045   0.992
 4700   495  13.975   0.766
 4702   495  14.268   0.808
 4703   495  17.088   1.202
 4704   495  17.080   1.281
 4705   495  16.076   1.132
 4706   495  16.882   1.537
 4707   495  16.759   1.222
 4708   495  15.172   1.686
 4709   495  14.024   0.759
 4712   495  17.945   1.322
 4713   495  14.988   1.096
 4714   495  15.751   0.732
 4715   495  16.811   1.099
 4716   495  17.758   1.481
 4717   495  17.042   1.238
 4718   495  16.131   1.052
 4721   495  17.251   1.226
 4722   495  15.642   0.708
 4723   495  18.345   1.833
 4724   495  17.169   1.304
 4726   495  15.036   1.714
 4727   495  17.086   1.323
 4728   495  16.201   1.171
 4729   495  18.379   1.107
 4730   495  17.511   1.389
 4731   495  17.969   1.132
 4732   495  18.116   1.222
 4733   495  14.933   0.965
 4734   495  16.445   0.754
 4735   495  16.153   1.158
 4736   495  16.900   1.390
 4737   495  14.269   0.917
 4738   495  17.216   1.543
 4741   495  16.566   1.038
 4742   495  17.850   1.167
 4743   495  17.062   1.179
 4745   495  15.126   1.099
 4747   495  18.068   1.154
 4749   495  16.901   1.159
 4750   495  16.690   1.417
 4752   495  15.928   0.678
 4753   495  17.363   1.661
 4754   495  17.820   1.504
 4758   495  14.706   0.737
 4759   495  15.894   1.887
 4760   495  17.984   2.192
 4761   495  16.602   0.880
 4762   495  17.216   1.329
 4763   495  15.459   1.125
 4764   495  10.590   0.663
 4765   495  16.978   1.381
 4766   495  15.973   1.855
 4769   495  17.315   1.953
 4770   495  16.842   1.590
 4771   495  15.488   0.962
 4773   495  17.177   1.263
 4774   495  17.618   1.433
 4777   495  15.376   0.985
 4778   495  17.234   1.396
 4780   495  16.275   1.157
 4781   495  15.514   0.920
 4782   495  17.334   1.746
 4783   495  17.277   1.783
 4785   495  17.690   1.569
 4787   495  16.101   1.060
 4788   495  17.190   1.030
 4789   495  18.088   1.734
 4790   495  14.828   0.668
 4793   495  16.252   1.001
 4794   495  17.611   1.433
 4795   495  16.308   1.355
 4797   495  14.841   0.812
 4799   495  14.723   0.721
 4800   495  15.438   1.036
 4804   495  17.306   1.364
 4806   495  15.193   0.974
 4807   495  18.676   1.020
 4808   495  15.911   0.962
 4809   495  15.958   1.084
 4813   495  17.110   1.360
 4814   495  16.553   1.347
 4815   495  18.107   0.829
 4816   495  17.405   1.609
 4817   495  16.817   1.294
 4818   495  16.194   1.234
 4819   495  17.214   1.014
 4820   495  17.185   1.328
 4823   495  18.086   1.400
 4824   495  16.378   0.965
 4825   495  15.064   0.866
 4826   495  18.221   1.354
 4828   495  16.656   1.371
 4830   495  14.283   0.810
 4831   495  16.567   1.225
 4832   495  17.281   1.186
 4833   495  16.674   1.479
 4834   495  16.427   1.377
 4835   495  16.494   1.349
 4838   495  17.311   1.604
 4840   495  16.840   1.255
 4841   495  16.802   2.196
 4843   495  16.231   0.979
 4844   495  17.782   1.531
 4846   495  17.042   2.332
 4847   495  15.952   1.178
 4848   495  14.682   0.649
 4849   495  14.674   0.728
 4851   495  17.004   1.264
 4852   495  15.727   1.089
 4853   495  16.939   1.027
 4854   495  17.425   1.155
 4855   495  14.856   0.707
 4856   495  14.667   1.804
 4857   495  18.074   1.236
 4858   495  17.157   1.166
 4859   495  17.490   1.474
 4860   495  14.346   1.149
 4861   495  16.806   0.962
 4863   495  14.364   0.950
 4865   495  15.348   0.987
 4866   495  17.340   1.837
 4867   495  14.417   1.456
 4868   495  14.827   1.618
 4869   495  17.397   1.450
 4870   495  18.157   1.665
 4873   495  16.992   1.326
 4875   495  16.253   1.083
 4876   495  14.520   0.697
 4877   495  17.921   1.218
 4878   495  16.937   1.235
 4881   495  15.319   0.907
 4882   495  15.503   1.325
 4883   495  14.013   0.796
 4885   495  13.129   1.547
 4886   495  15.734   1.109
 4887   495  17.093   0.942
 4889   495  16.191   1.121
 4890   495  13.367   0.774
 4891   495  15.728   0.933
 4892   495  15.812   0.653
 4893   495  16.806   1.051
 4894   495  17.396   2.224
 4895   495  16.833   1.120
 4896   495  14.093   0.631
 4897   495  16.141   1.260
 4898   495  18.016   1.173
 4899   495  15.907   1.061
 4900   495  16.076   1.321
 4901   495  11.251   1.682
 4902   495  15.749   1.188
 4903   495  15.859   1.256
 4907   495  17.419   0.956
 4908   495  16.360   1.013
 4909   495  14.551   0.523
 4912   495  17.803   1.555
 4913   495  14.340   0.827
 4914   495  17.584   1.487
 4915   495  13.987   0.691
 4916   495  17.083   1.148
 4918   495  18.022   1.175
 4919   495  17.167   1.463
 4920   495  18.532   1.889
 4921   495  13.661   0.867
 4923   495  17.404   1.022
 4926   495  16.599   1.270
 4927   495  14.323   1.681
 4929   495  16.816   1.100
 4931   495  15.765   1.728
 4932   495  14.207   0.774
 4933   495  16.493   1.348
 4934   495  15.658   0.864
 4935   495  15.632   1.318
 4938   495  16.768   1.257
 4940   495  18.555   1.503
 4943   495  16.994   1.214
 4944   495  17.543   1.373
 4945   495  14.069   2.020
 4947   495  17.390   1.367
 4948   495  15.222   0.794
 4949   495  15.261   0.698
 4950   495  14.096   0.550
 4951   495  15.745   1.249
 4952   495  16.409   1.207
 4957   495  17.330   1.418
 4958   495  17.487   1.160
 4959   495  15.118   1.685
 4961   495  15.781   1.215
 4962   495  16.967   1.231
 4963   495  17.311   1.423
 4965   495  16.950   1.536
 4968   495  17.316   1.439
 4969   495  15.623   0.901
 4970   495  15.359   0.934
 4973   495  15.940   0.946
 4974   495  17.867   1.495
 4975   495  16.640   1.076
 4976   495  17.204   1.256
 4977   495  15.423   0.850
 4978   495  15.541   1.760
 4979   495  16.217   1.152
 4980   495  16.731   1.226
 4982   495  16.760   2.083
 4983   495  16.787   3.540
 4985   495  15.060   0.894
 4987   495  17.059   1.276
 4988   495  17.875   1.370
 4990   495  15.171   1.599
 4991   495  17.542   0.938
 4992   495  15.995   1.117
 4993   495  16.868   1.417
 4994   495  15.426   0.844
 4995   495  17.686   1.576
 4998   495  15.062   1.222
 4999   495  15.545   1.010
 5001   495  14.698   0.863
 5002   495  15.872   0.970
 5003   495  17.888   1.360
 5004   495  15.365   1.505
 5005   495  15.424   1.019
 5006   495  18.086   1.751
 5007   495  16.808   1.397
 5009   495  17.637   1.611
 5010   495  13.277   0.822
 5011   495  16.073   0.816
 5012   495  16.112   1.129
 5015   495  13.853   0.580
 5018   495  16.909   1.202
 5020   495  17.167   1.263
 5022   495  17.319   1.258
 5024   495  17.315   1.306
 5025   495  12.500   1.308
 5026   495  17.469   1.545
 5027   495  17.246   1.542
 5029   495  16.175   0.943
 5030   495  17.206   1.503
 5031   495  16.567   1.004
 5034   495  12.462   0.538
 5035   495  18.454   1.313
 5036   495  15.822   0.813
 5037   495  13.691   0.941
 5038   495  16.366   1.313
 5039   495  17.529   1.308
 5040   495  18.121   1.660
 5041   495  13.472   0.844
 5042   495  14.841   1.575
 5044   495  16.645   1.146
 5045   495  17.060   0.991
 5048   495  16.596   1.353
 5052   495  17.597   1.166
 5053   495  16.221   2.219
 5054   495  17.125   1.188
 5055   495  15.889   1.505
 5059   495  14.687   0.641
 5060   495  15.986   1.120
 5061   495  16.007   1.040
 5062   495  15.108   0.946
 5064   495  16.849   1.254
 5068   495  17.649   1.520
 5069   495  17.390   1.293
 5070   495  15.776   1.397
 5073   495  12.329   0.469
 5074   495  12.491   0.449
 5075   495  15.647   0.670
 5076   495  16.318   1.325
 5077   495  16.341   1.141
 5078   495  15.918   1.167
 5079   495  13.371   0.583
 5082   495  15.313   0.618
 5086   495  17.374   1.170
 5087   495  14.476   0.773
 5088   495  16.992   1.262
 5089   495  17.458   1.167
 5090   495  13.878   0.617
 5091   495  16.995   1.295
 5094   495  15.772   0.837
 5095   495   8.448   0.312
 5096   495  15.761   0.960
 5097   495  16.943   0.893
 5099   495  15.688   1.232
 5100   495  16.806   1.882
 5102   495  16.799   1.211
 5103   495  15.838   0.983
 5104   495  15.719   1.023
 5105   495  12.787   0.286
 5107   495  17.976   1.834
 5108   495  15.161   1.084
 5109   495  17.216   1.477
 5110   495  16.936   1.282
 5111   495  14.184   0.724
 5112   495  18.001   1.690
 5113   495  16.323   1.258
 5114   495  16.251   1.057
 5115   495  18.251   4.237
 5117   495  17.504   1.857
 5118   495  14.848   1.196
 5120   495  16.869   0.824
 5121   495  15.031   0.829
 5122   495  13.874   0.731
 5123   495  15.996   1.004
 5124   495  15.822   1.142
 5126   495  15.462   0.786
 5127   495  15.474   1.283
 5128   495  16.005   1.307
 5129   495  18.195   1.126
 5132   495  17.465   1.253
 5133   495  16.393   1.264
 5134   495  12.114   0.410
 5136   495  15.056   1.129
 5137   495  14.908   0.969
 5139   495  16.503   1.210
 5141   495  16.185   0.891
 5142   495  18.070   1.353
 5145   495  18.008   1.175
 5146   495  15.692   2.010
 5148   495  15.428   0.230
 5149   495  16.506   1.397
